    10.0000        90
    10.0200        68
    10.0400        64
    10.0600        66
    10.0800        62
    10.1000        56
    10.1200        62
    10.1400        62
    10.1600        66
    10.1800        76
    10.2000        74
    10.2200        56
    10.2400        68
    10.2600        70
    10.2800        62
    10.3000        58
    10.3200        66
    10.3400        64
    10.3600        76
    10.3800        64
    10.4000        58
    10.4200        74
    10.4400        58
    10.4600        46
    10.4800        66
    10.5000        58
    10.5200        50
    10.5400        48
    10.5600        54
    10.5800        60
    10.6000        58
    10.6200        74
    10.6400        52
    10.6600        56
    10.6800        64
    10.7000        60
    10.7200        42
    10.7400        54
    10.7600        70
    10.7800        72
    10.8000        70
    10.8200        52
    10.8400        60
    10.8600        46
    10.8800        64
    10.9000        76
    10.9200        56
    10.9400        68
    10.9600        70
    10.9800        54
    11.0000        48
    11.0200        68
    11.0400        58
    11.0600        50
    11.0800        66
    11.1000        64
    11.1200        72
    11.1400        60
    11.1600        58
    11.1800        54
    11.2000        62
    11.2200        62
    11.2400        64
    11.2600        62
    11.2800        54
    11.3000        54
    11.3200        52
    11.3400        58
    11.3600        50
    11.3800        56
    11.4000        62
    11.4200        58
    11.4400        56
    11.4600        54
    11.4800        44
    11.5000        46
    11.5200        68
    11.5400        58
    11.5600        68
    11.5800        66
    11.6000        50
    11.6200        64
    11.6400        50
    11.6600        50
    11.6800        60
    11.7000        60
    11.7200        64
    11.7400        56
    11.7600        74
    11.7800        48
    11.8000        58
    11.8200        50
    11.8400        66
    11.8600        70
    11.8800        62
    11.9000        68
    11.9200        50
    11.9400        56
    11.9600        50
    11.9800        60
    12.0000        58
    12.0200        56
    12.0400        82
    12.0600        64
    12.0800        60
    12.1000        54
    12.1200        60
    12.1400        56
    12.1600        76
    12.1800        46
    12.2000        60
    12.2200        52
    12.2400        62
    12.2600        58
    12.2800        56
    12.3000        68
    12.3200        54
    12.3400        64
    12.3600        64
    12.3800        56
    12.4000        62
    12.4200        68
    12.4400        56
    12.4600        58
    12.4800        52
    12.5000        68
    12.5200        58
    12.5400        58
    12.5600        62
    12.5800        54
    12.6000        68
    12.6200        70
    12.6400        70
    12.6600        48
    12.6800        58
    12.7000        54
    12.7200        82
    12.7400        64
    12.7600        56
    12.7800        68
    12.8000        64
    12.8200        76
    12.8400        84
    12.8600        66
    12.8800        66
    12.9000        78
    12.9200        76
    12.9400        84
    12.9600        80
    12.9800        72
    13.0000        88
    13.0200        46
    13.0400        90
    13.0600        56
    13.0800        52
    13.1000        44
    13.1200        48
    13.1400        38
    13.1600        50
    13.1800        46
    13.2000        38
    13.2200        48
    13.2400        42
    13.2600        54
    13.2800        52
    13.3000        42
    13.3200        34
    13.3400        36
    13.3600        60
    13.3800        42
    13.4000        44
    13.4200        64
    13.4400        44
    13.4600        30
    13.4800        36
    13.5000        56
    13.5200        50
    13.5400        40
    13.5600        46
    13.5800        42
    13.6000        42
    13.6200        46
    13.6400        46
    13.6600        50
    13.6800        50
    13.7000        52
    13.7200        52
    13.7400        44
    13.7600        52
    13.7800        38
    13.8000        42
    13.8200        38
    13.8400        44
    13.8600        36
    13.8800        48
    13.9000        32
    13.9200        40
    13.9400        44
    13.9600        46
    13.9800        36
    14.0000        50
    14.0200        40
    14.0400        40
    14.0600        44
    14.0800        38
    14.1000        42
    14.1200        38
    14.1400        30
    14.1600        34
    14.1800        48
    14.2000        42
    14.2200        50
    14.2400        44
    14.2600        34
    14.2800        34
    14.3000        44
    14.3200        42
    14.3400        38
    14.3600        42
    14.3800        32
    14.4000        44
    14.4200        66
    14.4400        48
    14.4600        40
    14.4800        44
    14.5000        38
    14.5200        50
    14.5400        32
    14.5600        40
    14.5800        50
    14.6000        56
    14.6200        42
    14.6400        40
    14.6600        36
    14.6800        42
    14.7000        42
    14.7200        46
    14.7400        42
    14.7600        50
    14.7800        38
    14.8000        36
    14.8200        36
    14.8400        38
    14.8600        36
    14.8800        46
    14.9000        34
    14.9200        48
    14.9400        34
    14.9600        42
    14.9800        48
    15.0000        36
    15.0200        38
    15.0400        36
    15.0600        38
    15.0800        42
    15.1000        38
    15.1200        46
    15.1400        28
    15.1600        48
    15.1800        42
    15.2000        36
    15.2200        32
    15.2400        36
    15.2600        50
    15.2800        36
    15.3000        22
    15.3200        44
    15.3400        36
    15.3600        24
    15.3800        38
    15.4000        40
    15.4200        34
    15.4400        40
    15.4600        40
    15.4800        34
    15.5000        36
    15.5200        36
    15.5400        32
    15.5600        32
    15.5800        46
    15.6000        36
    15.6200        36
    15.6400        42
    15.6600        42
    15.6800        30
    15.7000        36
    15.7200        38
    15.7400        32
    15.7600        28
    15.7800        30
    15.8000        30
    15.8200        42
    15.8400        34
    15.8600        28
    15.8800        32
    15.9000        28
    15.9200        38
    15.9400        32
    15.9600        44
    15.9800        34
    16.0000        28
    16.0200        38
    16.0400        44
    16.0600        48
    16.0800        32
    16.1000        44
    16.1200        38
    16.1400        38
    16.1600        42
    16.1800        36
    16.2000        34
    16.2200        50
    16.2400        28
    16.2600        38
    16.2800        38
    16.3000        26
    16.3200        32
    16.3400        36
    16.3600        32
    16.3800        30
    16.4000        26
    16.4200        22
    16.4400        28
    16.4600        32
    16.4800        44
    16.5000        40
    16.5200        28
    16.5400        32
    16.5600        26
    16.5800        32
    16.6000        24
    16.6200        30
    16.6400        30
    16.6600        44
    16.6800        28
    16.7000        34
    16.7200        38
    16.7400        34
    16.7600        38
    16.7800        32
    16.8000        40
    16.8200        48
    16.8400        46
    16.8600        44
    16.8800        34
    16.9000        40
    16.9200        48
    16.9400        30
    16.9600        44
    16.9800        46
    17.0000        30
    17.0200        32
    17.0400        44
    17.0600        38
    17.0800        40
    17.1000        36
    17.1200        36
    17.1400        36
    17.1600        38
    17.1800        28
    17.2000        34
    17.2200        42
    17.2400        40
    17.2600        32
    17.2800        42
    17.3000        34
    17.3200        22
    17.3400        38
    17.3600        38
    17.3800        42
    17.4000        26
    17.4200        40
    17.4400        40
    17.4600        44
    17.4800        44
    17.5000        34
    17.5200        50
    17.5400        50
    17.5600        48
    17.5800        52
    17.6000        42
    17.6200        38
    17.6400        28
    17.6600        34
    17.6800        28
    17.7000        28
    17.7200        34
    17.7400        44
    17.7600        42
    17.7800        44
    17.8000        32
    17.8200        32
    17.8400        26
    17.8600        28
    17.8800        34
    17.9000        26
    17.9200        40
    17.9400        36
    17.9600        32
    17.9800        30
    18.0000        34
    18.0200        38
    18.0400        26
    18.0600        20
    18.0800        28
    18.1000        36
    18.1200        22
    18.1400        26
    18.1600        42
    18.1800        28
    18.2000        42
    18.2200        26
    18.2400        32
    18.2600        26
    18.2800        42
    18.3000        34
    18.3200        34
    18.3400        24
    18.3600        38
    18.3800        24
    18.4000        26
    18.4200        28
    18.4400        34
    18.4600        36
    18.4800        26
    18.5000        44
    18.5200        34
    18.5400        26
    18.5600        34
    18.5800        28
    18.6000        32
    18.6200        34
    18.6400        26
    18.6600        32
    18.6800        34
    18.7000        24
    18.7200        36
    18.7400        38
    18.7600        28
    18.7800        32
    18.8000        30
    18.8200        26
    18.8400        30
    18.8600        30
    18.8800        34
    18.9000        28
    18.9200        28
    18.9400        26
    18.9600        30
    18.9800        30
    19.0000        18
    19.0200        28
    19.0400        24
    19.0600        38
    19.0800        30
    19.1000        30
    19.1200        38
    19.1400        36
    19.1600        24
    19.1800        32
    19.2000        22
    19.2200        34
    19.2400        26
    19.2600        18
    19.2800        26
    19.3000        30
    19.3200        32
    19.3400        28
    19.3600        24
    19.3800        28
    19.4000        36
    19.4200        28
    19.4400        30
    19.4600        32
    19.4800        30
    19.5000        32
    19.5200        34
    19.5400        34
    19.5600        32
    19.5800        30
    19.6000        26
    19.6200        26
    19.6400        32
    19.6600        28
    19.6800        36
    19.7000        30
    19.7200        30
    19.7400        30
    19.7600        32
    19.7800        24
    19.8000        22
    19.8200        28
    19.8400        18
    19.8600        22
    19.8800        22
    19.9000        30
    19.9200        24
    19.9400        14
    19.9600        30
    19.9800        24
    20.0000        24
    20.0200        32
    20.0400        36
    20.0600        20
    20.0800        24
    20.1000        22
    20.1200        22
    20.1400        26
    20.1600        20
    20.1800        22
    20.2000        26
    20.2200        30
    20.2400        26
    20.2600        22
    20.2800        34
    20.3000        22
    20.3200        30
    20.3400        30
    20.3600        28
    20.3800        32
    20.4000        34
    20.4200        30
    20.4400        30
    20.4600        28
    20.4800        30
    20.5000        36
    20.5200        32
    20.5400        32
    20.5600        42
    20.5800        38
    20.6000        52
    20.6200        40
    20.6400        48
    20.6600        44
    20.6800        46
    20.7000        64
    20.7200        74
    20.7400        74
    20.7600        50
    20.7800        90
    20.8000        88
    20.8200        84
    20.8400        94
    20.8600        92
    20.8800        98
    20.9000        82
    20.9200        62
    20.9400        60
    20.9600        44
    20.9800        40
    21.0000        40
    21.0200        42
    21.0400        32
    21.0600        30
    21.0800        30
    21.1000        36
    21.1200        40
    21.1400        26
    21.1600        32
    21.1800        24
    21.2000        30
    21.2200        32
    21.2400        22
    21.2600        26
    21.2800        26
    21.3000        16
    21.3200        34
    21.3400        18
    21.3600        34
    21.3800        28
    21.4000        34
    21.4200        34
    21.4400        48
    21.4600        30
    21.4800        42
    21.5000        36
    21.5200        64
    21.5400        56
    21.5600        50
    21.5800        58
    21.6000        58
    21.6200        56
    21.6400        58
    21.6600        42
    21.6800        48
    21.7000        30
    21.7200        46
    21.7400        32
    21.7600        36
    21.7800        26
    21.8000        36
    21.8200        24
    21.8400        28
    21.8600        22
    21.8800        24
    21.9000        38
    21.9200        20
    21.9400        20
    21.9600        22
    21.9800        30
    22.0000        24
    22.0200        28
    22.0400        18
    22.0600        22
    22.0800        22
    22.1000        30
    22.1200        16
    22.1400        16
    22.1600        32
    22.1800        34
    22.2000        26
    22.2200        32
    22.2400        32
    22.2600        26
    22.2800        32
    22.3000        34
    22.3200        22
    22.3400        42
    22.3600        38
    22.3800        38
    22.4000        46
    22.4200        50
    22.4400        44
    22.4600        76
    22.4800        96
    22.5000        82
    22.5200        90
    22.5400        88
    22.5600        86
    22.5800        96
    22.6000        86
    22.6200        60
    22.6400        68
    22.6600        44
    22.6800        40
    22.7000        26
    22.7200        34
    22.7400        22
    22.7600        32
    22.7800        12
    22.8000        26
    22.8200        20
    22.8400        24
    22.8600        20
    22.8800        14
    22.9000        36
    22.9200        26
    22.9400        24
    22.9600        32
    22.9800        22
    23.0000        24
    23.0200        22
    23.0400        28
    23.0600        20
    23.0800        18
    23.1000        20
    23.1200        24
    23.1400        20
    23.1600        16
    23.1800        24
    23.2000        32
    23.2200        22
    23.2400        28
    23.2600        26
    23.2800        24
    23.3000        28
    23.3200        22
    23.3400        20
    23.3600        24
    23.3800        18
    23.4000        26
    23.4200        20
    23.4400        24
    23.4600        24
    23.4800        12
    23.5000        26
    23.5200        16
    23.5400        24
    23.5600        26
    23.5800        24
    23.6000        24
    23.6200        28
    23.6400        26
    23.6600        28
    23.6800        34
    23.7000        20
    23.7200        22
    23.7400        26
    23.7600        30
    23.7800        30
    23.8000        18
    23.8200        30
    23.8400        32
    23.8600        30
    23.8800        34
    23.9000        34
    23.9200        30
    23.9400        34
    23.9600        24
    23.9800        28
    24.0000        18
    24.0200        20
    24.0400        20
    24.0600        20
    24.0800        14
    24.1000        36
    24.1200        26
    24.1400        26
    24.1600        36
    24.1800        22
    24.2000        22
    24.2200        30
    24.2400        22
    24.2600        32
    24.2800        24
    24.3000        26
    24.3200        28
    24.3400        18
    24.3600        28
    24.3800        22
    24.4000        36
    24.4200        28
    24.4400        24
    24.4600        22
    24.4800        30
    24.5000        18
    24.5200        26
    24.5400        26
    24.5600        20
    24.5800        22
    24.6000        30
    24.6200        34
    24.6400        28
    24.6600        24
    24.6800        18
    24.7000        34
    24.7200        26
    24.7400        34
    24.7600        30
    24.7800        38
    24.8000        30
    24.8200        42
    24.8400        40
    24.8600        46
    24.8800        44
    24.9000        54
    24.9200        56
    24.9400        56
    24.9600        54
    24.9800        92
    25.0000        94
    25.0200        96
    25.0400        96
    25.0600       104
    25.0800       120
    25.1000       130
    25.1200       140
    25.1400       144
    25.1600       184
    25.1800       176
    25.2000       202
    25.2200       190
    25.2400       202
    25.2600       172
    25.2800       164
    25.3000       162
    25.3200       114
    25.3400       128
    25.3600       100
    25.3800       114
    25.4000       104
    25.4200       134
    25.4400       172
    25.4600       190
    25.4800       220
    25.5000       246
    25.5200       242
    25.5400       270
    25.5600       290
    25.5800       290
    25.6000       216
    25.6200       216
    25.6400       158
    25.6600       146
    25.6800       136
    25.7000        78
    25.7200       122
    25.7400        98
    25.7600        80
    25.7800       100
    25.8000       108
    25.8200       122
    25.8400        84
    25.8600       104
    25.8800        92
    25.9000        78
    25.9200        76
    25.9400        82
    25.9600        64
    25.9800        60
    26.0000        90
    26.0200        70
    26.0400        74
    26.0600        94
    26.0800       116
    26.1000       116
    26.1200       158
    26.1400       140
    26.1600       166
    26.1800       214
    26.2000       162
    26.2200       224
    26.2400       216
    26.2600       214
    26.2800       238
    26.3000       244
    26.3200       238
    26.3400       234
    26.3600       204
    26.3800       232
    26.4000       224
    26.4200       172
    26.4400       128
    26.4600       116
    26.4800        76
    26.5000        66
    26.5200        48
    26.5400        50
    26.5600        54
    26.5800        52
    26.6000        50
    26.6200        56
    26.6400        44
    26.6600        50
    26.6800        62
    26.7000        54
    26.7200        60
    26.7400        72
    26.7600        82
    26.7800       102
    26.8000       106
    26.8200       150
    26.8400       166
    26.8600       216
    26.8800       218
    26.9000       276
    26.9200       340
    26.9400       348
    26.9600       382
    26.9800       466
    27.0000       450
    27.0200       490
    27.0400       440
    27.0600       362
    27.0800       286
    27.1000       288
    27.1200       174
    27.1400       154
    27.1600       114
    27.1800       128
    27.2000       122
    27.2200        98
    27.2400        82
    27.2600       106
    27.2800        82
    27.3000        98
    27.3200        90
    27.3400        84
    27.3600       114
    27.3800        96
    27.4000        84
    27.4200        68
    27.4400        66
    27.4600        56
    27.4800        54
    27.5000        28
    27.5200        30
    27.5400        26
    27.5600        40
    27.5800        24
    27.6000        16
    27.6200        24
    27.6400        32
    27.6600        30
    27.6800        20
    27.7000        12
    27.7200        16
    27.7400        22
    27.7600        22
    27.7800        16
    27.8000        24
    27.8200        20
    27.8400        24
    27.8600        28
    27.8800        18
    27.9000        24
    27.9200        26
    27.9400        14
    27.9600        28
    27.9800        22
    28.0000        18
    28.0200        16
    28.0400        22
    28.0600        18
    28.0800        28
    28.1000        20
    28.1200        24
    28.1400        20
    28.1600        12
    28.1800        22
    28.2000        24
    28.2200        16
    28.2400        32
    28.2600        26
    28.2800        34
    28.3000        34
    28.3200        44
    28.3400        54
    28.3600        46
    28.3800        40
    28.4000        52
    28.4200        48
    28.4400        64
    28.4600        44
    28.4800        50
    28.5000        38
    28.5200        36
    28.5400        36
    28.5600        22
    28.5800        26
    28.6000        28
    28.6200        24
    28.6400        24
    28.6600        24
    28.6800        20
    28.7000        24
    28.7200        18
    28.7400        16
    28.7600        24
    28.7800        28
    28.8000        24
    28.8200        22
    28.8400        24
    28.8600        28
    28.8800        26
    28.9000        16
    28.9200        20
    28.9400        18
    28.9600        18
    28.9800        28
    29.0000        22
    29.0200        20
    29.0400        22
    29.0600        26
    29.0800        36
    29.1000        28
    29.1200        30
    29.1400        40
    29.1600        36
    29.1800        34
    29.2000        30
    29.2200        44
    29.2400        52
    29.2600        38
    29.2800        52
    29.3000        40
    29.3200        42
    29.3400        36
    29.3600        36
    29.3800        30
    29.4000        38
    29.4200        38
    29.4400        40
    29.4600        20
    29.4800        32
    29.5000        18
    29.5200        12
    29.5400        34
    29.5600        28
    29.5800        22
    29.6000        28
    29.6200        32
    29.6400        18
    29.6600        34
    29.6800        30
    29.7000        26
    29.7200        18
    29.7400        20
    29.7600        20
    29.7800        28
    29.8000        24
    29.8200        22
    29.8400        16
    29.8600        16
    29.8800        24
    29.9000        22
    29.9200        16
    29.9400        14
    29.9600        16
    29.9800        24
    30.0000        20
    30.0200        16
    30.0400        14
    30.0600        22
    30.0800        20
    30.1000        22
    30.1200        14
    30.1400        18
    30.1600        16
    30.1800        16
    30.2000        22
    30.2200        26
    30.2400        26
    30.2600        26
    30.2800        22
    30.3000        20
    30.3200        28
    30.3400        24
    30.3600        26
    30.3800        22
    30.4000        26
    30.4200        18
    30.4400        12
    30.4600        30
    30.4800        22
    30.5000        20
    30.5200        26
    30.5400        20
    30.5600        26
    30.5800        14
    30.6000        24
    30.6200        22
    30.6400        26
    30.6600        22
    30.6800        28
    30.7000        28
    30.7200        16
    30.7400        22
    30.7600        26
    30.7800        20
    30.8000        30
    30.8200        30
    30.8400        26
    30.8600        24
    30.8800        34
    30.9000        40
    30.9200        40
    30.9400        38
    30.9600        60
    30.9800        70
    31.0000        56
    31.0200        88
    31.0400        84
    31.0600       110
    31.0800       114
    31.1000       140
    31.1200       220
    31.1400       204
    31.1600       242
    31.1800       248
    31.2000       222
    31.2200       246
    31.2400       196
    31.2600       176
    31.2800       174
    31.3000       144
    31.3200       102
    31.3400        86
    31.3600        72
    31.3800        54
    31.4000        56
    31.4200        36
    31.4400        36
    31.4600        36
    31.4800        34
    31.5000        36
    31.5200        28
    31.5400        34
    31.5600        24
    31.5800        32
    31.6000        28
    31.6200        18
    31.6400        28
    31.6600        38
    31.6800        28
    31.7000        22
    31.7200        30
    31.7400        24
    31.7600        32
    31.7800        24
    31.8000        26
    31.8200        22
    31.8400        32
    31.8600        34
    31.8800        26
    31.9000        22
    31.9200        36
    31.9400        38
    31.9600        56
    31.9800        44
    32.0000        48
    32.0200        56
    32.0400        42
    32.0600        40
    32.0800        44
    32.1000        36
    32.1200        20
    32.1400        32
    32.1600        36
    32.1800        24
    32.2000        40
    32.2200        40
    32.2400        38
    32.2600        40
    32.2800        44
    32.3000        36
    32.3200        42
    32.3400        32
    32.3600        36
    32.3800        46
    32.4000        54
    32.4200        48
    32.4400        46
    32.4600        56
    32.4800        58
    32.5000        54
    32.5200        54
    32.5400        58
    32.5600        50
    32.5800        46
    32.6000        44
    32.6200        42
    32.6400        28
    32.6600        36
    32.6800        24
    32.7000        18
    32.7200        26
    32.7400        26
    32.7600        24
    32.7800        20
    32.8000        14
    32.8200        16
    32.8400        12
    32.8600        24
    32.8800        22
    32.9000        34
    32.9200        12
    32.9400        20
    32.9600        38
    32.9800        38
    33.0000        30
    33.0200        30
    33.0400        42
    33.0600        40
    33.0800        44
    33.1000        76
    33.1200        70
    33.1400        74
    33.1600       104
    33.1800        98
    33.2000       118
    33.2200        74
    33.2400        82
    33.2600        62
    33.2800        60
    33.3000        60
    33.3200        52
    33.3400        48
    33.3600        26
    33.3800        14
    33.4000        34
    33.4200        18
    33.4400        12
    33.4600        20
    33.4800         8
    33.5000        26
    33.5200        24
    33.5400        10
    33.5600        18
    33.5800         8
    33.6000        28
    33.6200        16
    33.6400        12
    33.6600        22
    33.6800        16
    33.7000        12
    33.7200        26
    33.7400        20
    33.7600        18
    33.7800        22
    33.8000        18
    33.8200        14
    33.8400        20
    33.8600        24
    33.8800        12
    33.9000        18
    33.9200        20
    33.9400        32
    33.9600        20
    33.9800        18
    34.0000        28
    34.0200        26
    34.0400        24
    34.0600        30
    34.0800        30
    34.1000        34
    34.1200        42
    34.1400        34
    34.1600        44
    34.1800        38
    34.2000        42
    34.2200        32
    34.2400        50
    34.2600        20
    34.2800        36
    34.3000        32
    34.3200        32
    34.3400        26
    34.3600        22
    34.3800        26
    34.4000        24
    34.4200        24
    34.4400        26
    34.4600        24
    34.4800        14
    34.5000        12
    34.5200        28
    34.5400        28
    34.5600        22
    34.5800        18
    34.6000        26
    34.6200        30
    34.6400        26
    34.6600        22
    34.6800        22
    34.7000        28
    34.7200        28
    34.7400        22
    34.7600        14
    34.7800        26
    34.8000        22
    34.8200        16
    34.8400        18
    34.8600        20
    34.8800        18
    34.9000        26
    34.9200        28
    34.9400        18
    34.9600        22
    34.9800        32
    35.0000        18
    35.0200        24
    35.0400        26
    35.0600        38
    35.0800        38
    35.1000        50
    35.1200        34
    35.1400        36
    35.1600        36
    35.1800        44
    35.2000        28
    35.2200        30
    35.2400        24
    35.2600        20
    35.2800        18
    35.3000        24
    35.3200        24
    35.3400        20
    35.3600        20
    35.3800        32
    35.4000        30
    35.4200        26
    35.4400        10
    35.4600        16
    35.4800        18
    35.5000        32
    35.5200        28
    35.5400        28
    35.5600        28
    35.5800        40
    35.6000        26
    35.6200        38
    35.6400        42
    35.6600        50
    35.6800        38
    35.7000        40
    35.7200        26
    35.7400        32
    35.7600        28
    35.7800        36
    35.8000        40
    35.8200        46
    35.8400        34
    35.8600        40
    35.8800        46
    35.9000        44
    35.9200        44
    35.9400        48
    35.9600        52
    35.9800        42
    36.0000        50
    36.0200        46
    36.0400        34
    36.0600        32
    36.0800        34
    36.1000        34
    36.1200        30
    36.1400        26
    36.1600        28
    36.1800        38
    36.2000        26
    36.2200        26
    36.2400        26
    36.2600        34
    36.2800        30
    36.3000        40
    36.3200        26
    36.3400        34
    36.3600        42
    36.3800        40
    36.4000        44
    36.4200        44
    36.4400        50
    36.4600        52
    36.4800        54
    36.5000        54
    36.5200        54
    36.5400        72
    36.5600        62
    36.5800        56
    36.6000        58
    36.6200        46
    36.6400        44
    36.6600        38
    36.6800        34
    36.7000        42
    36.7200        34
    36.7400        40
    36.7600        32
    36.7800        24
    36.8000        24
    36.8200        24
    36.8400        26
    36.8600        28
    36.8800        28
    36.9000        30
    36.9200        44
    36.9400        34
    36.9600        28
    36.9800        38
    37.0000        32
    37.0200        38
    37.0400        40
    37.0600        40
    37.0800        34
    37.1000        54
    37.1200        60
    37.1400        54
    37.1600        66
    37.1800       104
    37.2000       116
    37.2200       114
    37.2400       134
    37.2600       134
    37.2800       162
    37.3000       182
    37.3200       170
    37.3400       190
    37.3600       206
    37.3800       186
    37.4000       218
    37.4200       178
    37.4400       166
    37.4600       174
    37.4800       176
    37.5000       178
    37.5200       140
    37.5400       140
    37.5600       168
    37.5800       170
    37.6000       158
    37.6200       146
    37.6400       160
    37.6600       148
    37.6800       142
    37.7000       130
    37.7200       100
    37.7400        92
    37.7600        74
    37.7800        64
    37.8000        64
    37.8200        42
    37.8400        36
    37.8600        44
    37.8800        36
    37.9000        20
    37.9200        16
    37.9400        24
    37.9600        26
    37.9800        26
    38.0000        28
    38.0200        26
    38.0400        18
    38.0600        20
    38.0800        18
    38.1000        16
    38.1200        20
    38.1400        18
    38.1600        22
    38.1800        22
    38.2000        16
    38.2200        16
    38.2400        24
    38.2600        22
    38.2800        30
    38.3000        18
    38.3200        12
    38.3400        28
    38.3600        18
    38.3800        26
    38.4000        22
    38.4200        30
    38.4400        18
    38.4600        22
    38.4800        14
    38.5000        22
    38.5200        22
    38.5400        28
    38.5600        20
    38.5800        24
    38.6000        28
    38.6200        24
    38.6400        24
    38.6600        32
    38.6800        30
    38.7000        22
    38.7200        30
    38.7400        24
    38.7600        20
    38.7800        22
    38.8000        20
    38.8200        18
    38.8400        18
    38.8600        18
    38.8800        26
    38.9000        14
    38.9200        14
    38.9400        26
    38.9600        30
    38.9800        24
    39.0000        34
    39.0200        38
    39.0400        42
    39.0600        42
    39.0800        32
    39.1000        48
    39.1200        36
    39.1400        42
    39.1600        32
    39.1800        52
    39.2000        44
    39.2200        42
    39.2400        50
    39.2600        50
    39.2800        50
    39.3000        58
    39.3200        62
    39.3400        70
    39.3600        60
    39.3800        56
    39.4000        48
    39.4200        48
    39.4400        60
    39.4600        52
    39.4800        50
    39.5000        40
    39.5200        58
    39.5400        50
    39.5600        60
    39.5800        40
    39.6000        44
    39.6200        44
    39.6400        40
    39.6600        40
    39.6800        36
    39.7000        34
    39.7200        30
    39.7400        34
    39.7600        22
    39.7800        54
    39.8000        44
    39.8200        36
    39.8400        36
    39.8600        36
    39.8800        32
    39.9000        30
    39.9200        28
    39.9400        30
    39.9600        18
    39.9800        34
    40.0000        22
    40.0200        30
    40.0400        40
    40.0600        38
    40.0800        28
    40.1000        20
    40.1200        32
    40.1400        26
    40.1600        40
    40.1800        20
    40.2000        36
    40.2200        36
    40.2400        40
    40.2600        44
    40.2800        40
    40.3000        52
    40.3200        52
    40.3400        66
    40.3600        38
    40.3800        56
    40.4000        72
    40.4200        90
    40.4400        82
    40.4600        76
    40.4800        78
    40.5000        74
    40.5200        72
    40.5400        66
    40.5600        62
    40.5800        32
    40.6000        42
    40.6200        42
    40.6400        44
    40.6600        38
    40.6800        28
    40.7000        44
    40.7200        42
    40.7400        46
    40.7600        42
    40.7800        48
    40.8000        36
    40.8200        52
    40.8400        56
    40.8600        68
    40.8800       104
    40.9000        94
    40.9200       110
    40.9400       116
    40.9600       142
    40.9800       166
    41.0000       164
    41.0200       142
    41.0400       126
    41.0600       120
    41.0800       108
    41.1000        90
    41.1200        74
    41.1400        64
    41.1600        58
    41.1800        42
    41.2000        44
    41.2200        26
    41.2400        28
    41.2600        40
    41.2800        34
    41.3000        26
    41.3200        38
    41.3400        32
    41.3600        42
    41.3800        32
    41.4000        24
    41.4200        44
    41.4400        44
    41.4600        38
    41.4800        30
    41.5000        34
    41.5200        32
    41.5400        24
    41.5600        26
    41.5800        28
    41.6000        28
    41.6200        24
    41.6400        24
    41.6600        22
    41.6800        30
    41.7000        26
    41.7200        26
    41.7400        20
    41.7600        24
    41.7800        24
    41.8000        20
    41.8200        30
    41.8400        22
    41.8600        24
    41.8800        22
    41.9000        26
    41.9200        38
    41.9400        32
    41.9600        42
    41.9800        46
    42.0000        66
    42.0200        60
    42.0400        68
    42.0600        62
    42.0800        54
    42.1000        52
    42.1200        50
    42.1400        54
    42.1600        48
    42.1800        50
    42.2000        38
    42.2200        28
    42.2400        36
    42.2600        24
    42.2800        18
    42.3000        18
    42.3200        36
    42.3400        12
    42.3600        20
    42.3800        24
    42.4000        16
    42.4200        26
    42.4400        18
    42.4600        16
    42.4800        22
    42.5000        16
    42.5200        24
    42.5400        20
    42.5600        22
    42.5800        20
    42.6000        26
    42.6200        24
    42.6400        18
    42.6600        20
    42.6800        22
    42.7000        30
    42.7200        26
    42.7400        24
    42.7600        26
    42.7800        38
    42.8000        26
    42.8200        34
    42.8400        36
    42.8600        26
    42.8800        32
    42.9000        34
    42.9200        30
    42.9400        32
    42.9600        18
    42.9800        28
    43.0000        22
    43.0200        30
    43.0400        28
    43.0600        26
    43.0800        30
    43.1000        20
    43.1200        24
    43.1400        24
    43.1600        18
    43.1800        22
    43.2000        20
    43.2200        20
    43.2400        22
    43.2600        14
    43.2800        22
    43.3000        24
    43.3200        18
    43.3400        10
    43.3600        16
    43.3800        30
    43.4000        24
    43.4200        24
    43.4400        20
    43.4600        28
    43.4800        28
    43.5000        18
    43.5200        26
    43.5400        28
    43.5600        42
    43.5800        16
    43.6000        30
    43.6200        26
    43.6400        18
    43.6600        28
    43.6800        28
    43.7000        22
    43.7200        32
    43.7400        32
    43.7600        24
    43.7800        24
    43.8000        30
    43.8200        24
    43.8400        32
    43.8600        32
    43.8800        46
    43.9000        42
    43.9200        46
    43.9400        58
    43.9600        52
    43.9800        60
    44.0000        56
    44.0200        68
    44.0400        50
    44.0600        52
    44.0800        72
    44.1000        62
    44.1200        62
    44.1400        62
    44.1600        44
    44.1800        64
    44.2000        52
    44.2200        44
    44.2400        54
    44.2600        56
    44.2800        56
    44.3000        48
    44.3200        48
    44.3400        56
    44.3600        62
    44.3800        50
    44.4000        38
    44.4200        58
    44.4400        46
    44.4600        20
    44.4800        32
    44.5000        34
    44.5200        28
    44.5400        26
    44.5600        34
    44.5800        20
    44.6000        24
    44.6200        20
    44.6400        16
    44.6600        16
    44.6800        26
    44.7000        32
    44.7200        20
    44.7400        18
    44.7600        18
    44.7800        26
    44.8000        24
    44.8200        12
    44.8400        24
    44.8600        22
    44.8800        16
    44.9000        26
    44.9200        10
    44.9400        14
    44.9600        22
    44.9800        16
    45.0000        18
    45.0200        30
    45.0400        14
    45.0600        18
    45.0800        20
    45.1000        20
    45.1200        22
    45.1400        26
    45.1600        26
    45.1800        18
    45.2000        20
    45.2200        20
    45.2400        12
    45.2600        22
    45.2800        16
    45.3000        18
    45.3200        14
    45.3400        12
    45.3600        16
    45.3800        14
    45.4000        14
    45.4200        16
    45.4400        18
    45.4600        24
    45.4800        26
    45.5000        32
    45.5200        20
    45.5400        22
    45.5600        28
    45.5800        34
    45.6000        30
    45.6200        32
    45.6400        42
    45.6600        38
    45.6800        46
    45.7000        52
    45.7200        52
    45.7400        30
    45.7600        38
    45.7800        42
    45.8000        20
    45.8200        34
    45.8400        30
    45.8600        28
    45.8800        30
    45.9000        26
    45.9200        36
    45.9400        34
    45.9600        26
    45.9800        28
    46.0000        36
    46.0200        30
    46.0400        20
    46.0600        40
    46.0800        48
    46.1000        46
    46.1200        70
    46.1400        74
    46.1600        68
    46.1800        78
    46.2000       100
    46.2200       100
    46.2400        98
    46.2600       112
    46.2800       102
    46.3000       112
    46.3200        88
    46.3400       106
    46.3600        78
    46.3800        66
    46.4000        92
    46.4200        62
    46.4400        56
    46.4600        60
    46.4800        50
    46.5000        44
    46.5200        46
    46.5400        36
    46.5600        34
    46.5800        24
    46.6000        26
    46.6200        24
    46.6400        18
    46.6600        24
    46.6800        22
    46.7000        26
    46.7200        20
    46.7400        22
    46.7600        28
    46.7800        30
    46.8000        24
    46.8200        22
    46.8400        28
    46.8600        30
    46.8800        46
    46.9000        42
    46.9200        48
    46.9400        56
    46.9600        46
    46.9800        30
    47.0000        46
    47.0200        40
    47.0400        36
    47.0600        38
    47.0800        46
    47.1000        22
    47.1200        24
    47.1400        26
    47.1600        28
    47.1800        14
    47.2000        26
    47.2200        28
    47.2400        12
    47.2600        22
    47.2800        14
    47.3000        18
    47.3200        26
    47.3400        10
    47.3600        22
    47.3800        20
    47.4000        18
    47.4200        14
    47.4400        16
    47.4600        14
    47.4800        18
    47.5000        18
    47.5200        20
    47.5400        12
    47.5600        18
    47.5800        24
    47.6000        26
    47.6200        24
    47.6400        22
    47.6600        20
    47.6800        20
    47.7000        14
    47.7200        24
    47.7400        16
    47.7600        24
    47.7800        26
    47.8000        32
    47.8200        28
    47.8400        30
    47.8600        20
    47.8800        30
    47.9000        34
    47.9200        22
    47.9400        22
    47.9600        18
    47.9800        30
    48.0000        36
    48.0200        22
    48.0400        22
    48.0600        46
    48.0800        30
    48.1000        36
    48.1200        24
    48.1400        32
    48.1600        26
    48.1800        28
    48.2000        24
    48.2200        26
    48.2400        24
    48.2600        30
    48.2800        28
    48.3000        20
    48.3200        20
    48.3400        22
    48.3600        32
    48.3800        34
    48.4000        40
    48.4200        46
    48.4400        42
    48.4600        48
    48.4800        40
    48.5000        32
    48.5200        34
    48.5400        24
    48.5600        20
    48.5800        26
    48.6000        32
    48.6200        28
    48.6400        10
    48.6600        20
    48.6800        22
    48.7000        16
    48.7200        30
    48.7400        26
    48.7600        20
    48.7800        16
    48.8000        22
    48.8200        20
    48.8400        22
    48.8600        22
    48.8800        12
    48.9000        10
    48.9200        20
    48.9400        10
    48.9600        24
    48.9800        20
    49.0000        20
    49.0200        20
    49.0400        22
    49.0600        26
    49.0800        16
    49.1000        14
    49.1200        14
    49.1400        20
    49.1600        20
    49.1800        14
    49.2000        24
    49.2200        16
    49.2400        16
    49.2600        14
    49.2800        18
    49.3000        24
    49.3200        22
    49.3400        22
    49.3600        32
    49.3800        32
    49.4000        40
    49.4200        44
    49.4400        36
    49.4600        38
    49.4800        40
    49.5000        56
    49.5200        46
    49.5400        42
    49.5600        48
    49.5800        34
    49.6000        34
    49.6200        40
    49.6400        38
    49.6600        40
    49.6800        40
    49.7000        24
    49.7200        26
    49.7400        24
    49.7600        34
    49.7800        18
    49.8000        36
    49.8200        26
    49.8400        28
    49.8600        28
    49.8800        30
    49.9000        22
    49.9200        22
    49.9400        28
    49.9600        36
    49.9800        24
    50.0000        24
    50.0200        40
    50.0400        24
    50.0600        30
    50.0800        30
    50.1000        28
    50.1200        34
    50.1400        30
    50.1600        32
    50.1800        32
    50.2000        28
    50.2200        20
    50.2400        24
    50.2600        38
    50.2800        28
    50.3000        38
    50.3200        46
    50.3400        38
    50.3600        50
    50.3800        46
    50.4000        40
    50.4200        32
    50.4400        42
    50.4600        52
    50.4800        54
    50.5000        52
    50.5200        38
    50.5400        56
    50.5600        60
    50.5800        48
    50.6000        46
    50.6200        56
    50.6400        42
    50.6600        24
    50.6800        40
    50.7000        26
    50.7200        34
    50.7400        32
    50.7600        30
    50.7800        26
    50.8000        28
    50.8200        24
    50.8400        20
    50.8600        18
    50.8800        16
    50.9000        18
    50.9200        22
    50.9400        16
    50.9600        18
    50.9800        10
    51.0000        10
    51.0200        14
    51.0400        10
    51.0600        22
    51.0800        20
    51.1000        30
    51.1200        20
    51.1400        20
    51.1600        20
    51.1800        14
    51.2000        22
    51.2200        16
    51.2400        18
    51.2600        32
    51.2800        28
    51.3000        18
    51.3200        20
    51.3400        24
    51.3600        18
    51.3800        20
    51.4000        22
    51.4200        26
    51.4400        32
    51.4600        30
    51.4800        32
    51.5000        20
    51.5200        20
    51.5400        28
    51.5600        30
    51.5800        30
    51.6000        28
    51.6200        36
    51.6400        24
    51.6600        24
    51.6800        26
    51.7000        30
    51.7200        44
    51.7400        56
    51.7600        34
    51.7800        44
    51.8000        56
    51.8200        40
    51.8400        38
    51.8600        38
    51.8800        36
    51.9000        38
    51.9200        46
    51.9400        38
    51.9600        34
    51.9800        32
    52.0000        36
    52.0200        24
    52.0400        22
    52.0600        22
    52.0800        18
    52.1000        18
    52.1200        28
    52.1400        24
    52.1600        30
    52.1800        30
    52.2000        28
    52.2200        22
    52.2400        26
    52.2600        26
    52.2800        24
    52.3000        34
    52.3200        28
    52.3400        40
    52.3600        28
    52.3800        30
    52.4000        34
    52.4200        26
    52.4400        32
    52.4600        34
    52.4800        32
    52.5000        26
    52.5200        30
    52.5400        32
    52.5600        24
    52.5800        36
    52.6000        32
    52.6200        44
    52.6400        48
    52.6600        30
    52.6800        46
    52.7000        30
    52.7200        36
    52.7400        42
    52.7600        42
    52.7800        58
    52.8000        44
    52.8200        48
    52.8400        36
    52.8600        32
    52.8800        50
    52.9000        28
    52.9200        54
    52.9400        42
    52.9600        48
    52.9800        48
    53.0000        44
    53.0200        54
    53.0400        62
    53.0600        66
    53.0800        86
    53.1000        72
    53.1200        76
    53.1400        88
    53.1600        98
    53.1800        74
    53.2000        78
    53.2200        80
    53.2400        68
    53.2600        78
    53.2800        50
    53.3000        62
    53.3200        58
    53.3400        58
    53.3600        52
    53.3800        68
    53.4000        46
    53.4200        46
    53.4400        32
    53.4600        44
    53.4800        42
    53.5000        28
    53.5200        38
    53.5400        30
    53.5600        38
    53.5800        32
    53.6000        18
    53.6200        32
    53.6400        32
    53.6600        36
    53.6800        26
    53.7000        32
    53.7200        24
    53.7400        30
    53.7600        30
    53.7800        30
    53.8000        36
    53.8200        36
    53.8400        48
    53.8600        38
    53.8800        44
    53.9000        48
    53.9200        58
    53.9400        58
    53.9600        62
    53.9800        56
    54.0000        64
    54.0200        74
    54.0400        46
    54.0600        66
    54.0800        46
    54.1000        50
    54.1200        52
    54.1400        50
    54.1600        52
    54.1800        28
    54.2000        36
    54.2200        36
    54.2400        28
    54.2600        32
    54.2800        30
    54.3000        26
    54.3200        22
    54.3400        18
    54.3600        18
    54.3800        20
    54.4000        20
    54.4200        24
    54.4400        30
    54.4600        16
    54.4800        26
    54.5000         8
    54.5200        20
    54.5400        28
    54.5600        26
    54.5800        24
    54.6000        28
    54.6200        30
    54.6400        16
    54.6600        30
    54.6800        12
    54.7000        28
    54.7200        16
    54.7400        22
    54.7600        28
    54.7800        20
    54.8000        16
    54.8200        24
    54.8400        26
    54.8600        20
    54.8800        18
    54.9000        20
    54.9200        24
    54.9400        20
    54.9600        20
    54.9800        16
    55.0000        12
    55.0200        14
    55.0400        18
    55.0600        24
    55.0800        16
    55.1000        16
    55.1200        22
    55.1400        12
    55.1600        20
    55.1800        22
    55.2000        18
    55.2200        20
    55.2400        22
    55.2600        14
    55.2800        30
    55.3000        28
    55.3200        32
    55.3400        38
    55.3600        26
    55.3800        40
    55.4000        42
    55.4200        30
    55.4400        46
    55.4600        38
    55.4800        28
    55.5000        40
    55.5200        40
    55.5400        44
    55.5600        42
    55.5800        46
    55.6000        44
    55.6200        54
    55.6400        60
    55.6600        62
    55.6800        46
    55.7000        42
    55.7200        66
    55.7400        62
    55.7600        46
    55.7800        48
    55.8000        34
    55.8200        42
    55.8400        44
    55.8600        40
    55.8800        40
    55.9000        30
    55.9200        32
    55.9400        34
    55.9600        18
    55.9800        30
    56.0000        32
    56.0200        22
    56.0400        34
    56.0600        26
    56.0800        24
    56.1000        26
    56.1200        18
    56.1400        22
    56.1600        36
    56.1800        30
    56.2000        28
    56.2200        34
    56.2400        30
    56.2600        30
    56.2800        34
    56.3000        24
    56.3200        38
    56.3400        30
    56.3600        28
    56.3800        28
    56.4000        24
    56.4200        20
    56.4400        36
    56.4600        22
    56.4800        38
    56.5000        34
    56.5200        24
    56.5400        24
    56.5600        22
    56.5800        30
    56.6000        26
    56.6200        24
    56.6400        22
    56.6600        26
    56.6800        22
    56.7000        24
    56.7200        26
    56.7400        28
    56.7600        12
    56.7800        28
    56.8000        34
    56.8200        26
    56.8400        30
    56.8600        28
    56.8800        30
    56.9000        24
    56.9200        40
    56.9400        30
    56.9600        22
    56.9800        34
    57.0000        26
    57.0200        22
    57.0400        32
    57.0600        26
    57.0800        28
    57.1000        24
    57.1200        28
    57.1400        30
    57.1600        24
    57.1800        24
    57.2000        24
    57.2200        28
    57.2400        26
    57.2600        24
    57.2800        28
    57.3000        18
    57.3200        10
    57.3400        16
    57.3600        12
    57.3800        22
    57.4000        20
    57.4200        22
    57.4400        22
    57.4600        14
    57.4800        24
    57.5000        28
    57.5200        26
    57.5400        36
    57.5600        34
    57.5800        40
    57.6000        30
    57.6200        34
    57.6400        30
    57.6600        26
    57.6800        38
    57.7000        26
    57.7200        28
    57.7400        26
    57.7600        16
    57.7800        24
    57.8000        28
    57.8200        26
    57.8400        20
    57.8600        20
    57.8800        16
    57.9000        16
    57.9200        24
    57.9400        24
    57.9600        20
    57.9800        24
    58.0000        24
    58.0200        22
    58.0400        16
    58.0600        26
    58.0800        28
    58.1000        22
    58.1200        22
    58.1400        30
    58.1600        26
    58.1800        20
    58.2000        24
    58.2200        28
    58.2400        28
    58.2600        30
    58.2800        30
    58.3000        36
    58.3200        18
    58.3400        32
    58.3600        24
    58.3800        30
    58.4000        28
    58.4200        26
    58.4400        30
    58.4600        26
    58.4800        24
    58.5000        28
    58.5200        20
    58.5400        18
    58.5600        22
    58.5800        14
    58.6000        22
    58.6200        24
    58.6400        26
    58.6600        26
    58.6800        28
    58.7000        16
    58.7200        20
    58.7400        28
    58.7600        14
    58.7800        24
    58.8000        14
    58.8200        24
    58.8400        16
    58.8600        30
    58.8800        24
    58.9000        20
    58.9200        28
    58.9400        24
    58.9600        34
    58.9800        24
    59.0000        28
    59.0200        40
    59.0400        36
    59.0600        32
    59.0800        32
    59.1000        34
    59.1200        52
    59.1400        28
    59.1600        28
    59.1800        40
    59.2000        42
    59.2200        42
    59.2400        34
    59.2600        44
    59.2800        40
    59.3000        40
    59.3200        34
    59.3400        38
    59.3600        52
    59.3800        34
    59.4000        30
    59.4200        38
    59.4400        46
    59.4600        42
    59.4800        34
    59.5000        40
    59.5200        28
    59.5400        36
    59.5600        32
    59.5800        42
    59.6000        28
    59.6200        36
    59.6400        24
    59.6600        38
    59.6800        32
    59.7000        30
    59.7200        38
    59.7400        30
    59.7600        50
    59.7800        38
    59.8000        44
    59.8200        36
    59.8400        30
    59.8600        34
    59.8800        38
    59.9000        28
    59.9200        42
    59.9400        38
    59.9600        34
    59.9800        26
    60.0000        32
    60.0200        26
    60.0400        50
    60.0600        38
    60.0800        34
    60.1000        38
    60.1200        28
    60.1400        34
    60.1600        28
    60.1800        46
    60.2000        50
    60.2200        42
    60.2400        34
    60.2600        48
    60.2800        46
    60.3000        64
    60.3200        50
    60.3400        60
    60.3600        54
    60.3800        62
    60.4000        62
    60.4200        58
    60.4400        58
    60.4600        62
    60.4800        62
    60.5000        54
    60.5200        58
    60.5400        62
    60.5600        50
    60.5800        44
    60.6000        56
    60.6200        42
    60.6400        40
    60.6600        40
    60.6800        32
    60.7000        38
    60.7200        38
    60.7400        34
    60.7600        32
    60.7800        38
    60.8000        32
    60.8200        28
    60.8400        24
    60.8600        26
    60.8800        30
    60.9000        30
    60.9200        28
    60.9400        30
    60.9600        38
    60.9800        34
    61.0000        34
    61.0200        26
    61.0400        36
    61.0600        28
    61.0800        34
    61.1000        40
    61.1200        38
    61.1400        28
    61.1600        24
    61.1800        40
    61.2000        44
    61.2200        30
    61.2400        38
    61.2600        40
    61.2800        44
    61.3000        50
    61.3200        56
    61.3400        46
    61.3600        48
    61.3800        40
    61.4000        52
    61.4200        54
    61.4400        44
    61.4600        38
    61.4800        32
    61.5000        38
    61.5200        36
    61.5400        38
    61.5600        38
    61.5800        32
    61.6000        36
    61.6200        30
    61.6400        26
    61.6600        36
    61.6800        30
    61.7000        36
    61.7200        24
    61.7400        30
    61.7600        22
    61.7800        24
    61.8000        24
    61.8200        20
    61.8400        26
    61.8600        20
    61.8800        20
    61.9000        18
    61.9200        18
    61.9400        14
    61.9600        16
    61.9800        20
    62.0000        16
    62.0200        12
    62.0400        24
    62.0600        16
    62.0800        18
    62.1000        20
    62.1200        24
    62.1400        22
    62.1600        16
    62.1800        18
    62.2000        24
    62.2200        32
    62.2400        28
    62.2600        26
    62.2800        32
    62.3000        28
    62.3200        30
    62.3400        30
    62.3600        38
    62.3800        32
    62.4000        22
    62.4200        24
    62.4400        26
    62.4600        26
    62.4800        24
    62.5000        20
    62.5200        16
    62.5400        28
    62.5600        18
    62.5800        12
    62.6000        22
    62.6200        22
    62.6400        16
    62.6600        14
    62.6800        26
    62.7000        14
    62.7200        24
    62.7400        22
    62.7600        22
    62.7800        18
    62.8000        18
    62.8200        26
    62.8400        26
    62.8600        20
    62.8800        22
    62.9000        22
    62.9200        18
    62.9400        20
    62.9600        24
    62.9800        18
    63.0000        16
    63.0200        24
    63.0400        30
    63.0600        28
    63.0800        26
    63.1000        24
    63.1200        24
    63.1400        18
    63.1600        38
    63.1800        18
    63.2000        24
    63.2200        28
    63.2400        28
    63.2600        38
    63.2800        32
    63.3000        32
    63.3200        30
    63.3400        36
    63.3600        32
    63.3800        18
    63.4000        28
    63.4200        26
    63.4400        30
    63.4600        30
    63.4800        22
    63.5000        34
    63.5200        34
    63.5400        22
    63.5600        44
    63.5800        44
    63.6000        34
    63.6200        44
    63.6400        40
    63.6600        26
    63.6800        32
    63.7000        36
    63.7200        32
    63.7400        32
    63.7600        38
    63.7800        36
    63.8000        38
    63.8200        36
    63.8400        26
    63.8600        38
    63.8800        28
    63.9000        30
    63.9200        30
    63.9400        20
    63.9600        30
    63.9800        24
    64.0000        28
    64.0200        26
    64.0400        26
    64.0600        22
    64.0800        30
    64.1000        30
    64.1200        22
    64.1400        26
    64.1600        18
    64.1800        22
    64.2000        16
    64.2200        32
    64.2400        28
    64.2600        24
    64.2800        28
    64.3000        24
    64.3200        30
    64.3400        24
    64.3600        32
    64.3800        24
    64.4000        16
    64.4200        22
    64.4400        26
    64.4600        22
    64.4800        24
    64.5000        28
    64.5200        30
    64.5400        24
    64.5600        28
    64.5800        26
    64.6000        26
    64.6200        30
    64.6400        20
    64.6600        24
    64.6800        40
    64.7000        26
    64.7200        26
    64.7400        44
    64.7600        32
    64.7800        34
    64.8000        42
    64.8200        24
    64.8400        30
    64.8600        26
    64.8800        32
    64.9000        38
    64.9200        24
    64.9400        32
    64.9600        18
    64.9800        28
    65.0000        34
    65.0200        34
    65.0400        16
    65.0600        26
    65.0800        22
    65.1000        28
    65.1200        22
    65.1400        26
    65.1600        22
    65.1800        20
    65.2000        26
    65.2200        24
    65.2400        22
    65.2600        20
    65.2800        32
    65.3000        18
    65.3200        14
    65.3400        22
    65.3600        16
    65.3800        22
    65.4000        16
    65.4200        34
    65.4400        22
    65.4600        18
    65.4800        28
    65.5000        22
    65.5200        20
    65.5400        18
    65.5600        16
    65.5800        20
    65.6000        24
    65.6200        22
    65.6400        16
    65.6600        24
    65.6800        28
    65.7000        26
    65.7200        18
    65.7400        16
    65.7600        24
    65.7800        16
    65.8000        22
    65.8200        28
    65.8400        20
    65.8600        20
    65.8800        26
    65.9000        30
    65.9200        30
    65.9400        26
    65.9600        26
    65.9800        20
    66.0000        24
    66.0200        20
    66.0400        42
    66.0600        34
    66.0800        32
    66.1000        24
    66.1200        36
    66.1400        30
    66.1600        40
    66.1800        32
    66.2000        40
    66.2200        28
    66.2400        40
    66.2600        28
    66.2800        38
    66.3000        34
    66.3200        30
    66.3400        50
    66.3600        30
    66.3800        44
    66.4000        34
    66.4200        32
    66.4400        38
    66.4600        40
    66.4800        48
    66.5000        26
    66.5200        36
    66.5400        56
    66.5600        46
    66.5800        34
    66.6000        38
    66.6200        38
    66.6400        38
    66.6600        42
    66.6800        52
    66.7000        46
    66.7200        48
    66.7400        66
    66.7600        48
    66.7800        78
    66.8000        64
    66.8200        64
    66.8400        50
    66.8600        52
    66.8800        56
    66.9000        44
    66.9200        58
    66.9400        58
    66.9600        68
    66.9800        52
    67.0000        52
    67.0200        60
    67.0400        48
    67.0600        58
    67.0800        54
    67.1000        40
    67.1200        36
    67.1400        36
    67.1600        32
    67.1800        44
    67.2000        36
    67.2200        26
    67.2400        22
    67.2600        38
    67.2800        34
    67.3000        28
    67.3200        28
    67.3400        34
    67.3600        30
    67.3800        32
    67.4000        42
    67.4200        42
    67.4400        34
    67.4600        30
    67.4800        28
    67.5000        42
    67.5200        36
    67.5400        42
    67.5600        38
    67.5800        40
    67.6000        36
    67.6200        42
    67.6400        36
    67.6600        52
    67.6800        34
    67.7000        40
    67.7200        42
    67.7400        34
    67.7600        38
    67.7800        40
    67.8000        40
    67.8200        36
    67.8400        38
    67.8600        48
    67.8800        42
    67.9000        56
    67.9200        50
    67.9400        44
    67.9600        40
    67.9800        56
    68.0000        42
    68.0200        46
    68.0400        46
    68.0600        46
    68.0800        32
    68.1000        44
    68.1200        32
    68.1400        38
    68.1600        38
    68.1800        40
    68.2000        36
    68.2200        28
    68.2400        30
    68.2600        24
    68.2800        34
    68.3000        34
    68.3200        30
    68.3400        14
    68.3600        20
    68.3800        32
    68.4000        20
    68.4200        28
    68.4400        18
    68.4600        24
    68.4800        24
    68.5000        20
    68.5200        26
    68.5400        26
    68.5600        28
    68.5800        28
    68.6000        24
    68.6200        22
    68.6400        20
    68.6600        28
    68.6800        16
    68.7000        24
    68.7200        22
    68.7400        24
    68.7600        36
    68.7800         8
    68.8000        18
    68.8200        26
    68.8400        22
    68.8600        22
    68.8800        14
    68.9000        30
    68.9200        16
    68.9400        28
    68.9600        22
    68.9800        24
    69.0000        26
    69.0200        26
    69.0400        16
    69.0600        30
    69.0800        28
    69.1000        30
    69.1200        26
    69.1400        26
    69.1600        18
    69.1800        22
    69.2000        28
    69.2200        20
    69.2400        22
    69.2600        32
    69.2800        18
    69.3000        22
    69.3200        34
    69.3400        24
    69.3600        16
    69.3800        18
    69.4000        28
    69.4200        14
    69.4400        24
    69.4600        28
    69.4800        38
    69.5000        26
    69.5200        32
    69.5400        18
    69.5600        30
    69.5800        22
    69.6000        32
    69.6200        30
    69.6400        30
    69.6600        24
    69.6800        30
    69.7000        26
    69.7200        32
    69.7400        40
    69.7600        34
    69.7800        30
    69.8000        26
    69.8200        28
    69.8400        34
    69.8600        40
    69.8800        46
    69.9000        26
    69.9200        28
    69.9400        36
    69.9600        20
    69.9800        24
    70.0000        34
    70.0200        34
    70.0400        24
    70.0600        36
    70.0800        20
    70.1000        28
    70.1200        28
    70.1400        20
    70.1600        30
    70.1800        24
    70.2000        24
    70.2200        22
    70.2400        24
    70.2600        24
    70.2800        26
    70.3000        16
    70.3200        20
    70.3400        20
    70.3600        30
    70.3800        16
    70.4000        28
    70.4200        30
    70.4400        28
    70.4600        30
    70.4800        22
    70.5000        30
    70.5200        24
    70.5400        30
    70.5600        24
    70.5800        18
    70.6000        36
    70.6200        22
    70.6400        36
    70.6600        34
    70.6800        34
    70.7000        34
    70.7200        34
    70.7400        30
    70.7600        24
    70.7800        26
    70.8000        30
    70.8200        26
    70.8400        26
    70.8600        28
    70.8800        28
    70.9000        26
    70.9200        28
    70.9400        20
    70.9600        20
    70.9800        30
    71.0000        28
    71.0200        20
    71.0400        30
    71.0600        32
    71.0800        26
    71.1000        22
    71.1200        20
    71.1400        24
    71.1600        20
    71.1800        28
    71.2000        26
    71.2200        22
    71.2400        26
    71.2600        32
    71.2800        20
    71.3000        20
    71.3200        26
    71.3400        20
    71.3600        26
    71.3800        20
    71.4000        24
    71.4200        30
    71.4400        28
    71.4600        24
    71.4800        28
    71.5000        28
    71.5200        26
    71.5400        42
    71.5600        38
    71.5800        44
    71.6000        30
    71.6200        36
    71.6400        30
    71.6600        38
    71.6800        34
    71.7000        34
    71.7200        30
    71.7400        30
    71.7600        22
    71.7800        34
    71.8000        24
    71.8200        32
    71.8400        36
    71.8600        24
    71.8800        26
    71.9000        24
    71.9200        26
    71.9400        24
    71.9600        18
    71.9800        20
    72.0000        30
    72.0200        24
    72.0400        14
    72.0600        20
    72.0800        24
    72.1000        20
    72.1200        20
    72.1400        20
    72.1600        20
    72.1800        18
    72.2000        22
    72.2200        18
    72.2400        24
    72.2600        28
    72.2800        26
    72.3000        22
    72.3200        24
    72.3400        20
    72.3600        22
    72.3800        18
    72.4000        20
    72.4200        26
    72.4400        14
    72.4600        26
    72.4800        24
    72.5000        18
    72.5200        24
    72.5400        28
    72.5600        22
    72.5800        26
    72.6000        32
    72.6200        26
    72.6400        30
    72.6600        32
    72.6800        30
    72.7000        22
    72.7200        30
    72.7400        28
    72.7600        26
    72.7800        16
    72.8000        24
    72.8200        30
    72.8400        24
    72.8600        28
    72.8800        26
    72.9000        24
    72.9200        16
    72.9400        28
    72.9600        32
    72.9800        18
    73.0000        24
    73.0200        22
    73.0400        14
    73.0600        26
    73.0800        26
    73.1000        20
    73.1200        24
    73.1400        22
    73.1600        20
    73.1800        28
    73.2000        20
    73.2200        14
    73.2400        26
    73.2600        28
    73.2800        22
    73.3000        32
    73.3200        32
    73.3400        30
    73.3600        26
    73.3800        36
    73.4000        28
    73.4200        22
    73.4400        24
    73.4600        26
    73.4800        18
    73.5000        40
    73.5200        34
    73.5400        14
    73.5600        24
    73.5800        22
    73.6000        18
    73.6200        26
    73.6400        26
    73.6600        18
    73.6800        30
    73.7000        14
    73.7200        20
    73.7400        18
    73.7600        26
    73.7800        20
    73.8000        18
    73.8200        12
    73.8400        18
    73.8600        22
    73.8800        26
    73.9000        26
    73.9200        22
    73.9400        20
    73.9600        22
    73.9800        16
    74.0000        20
    74.0200        18
    74.0400        16
    74.0600        18
    74.0800        22
    74.1000        12
    74.1200        12
    74.1400        26
    74.1600        26
    74.1800        26
    74.2000        20
    74.2200        18
    74.2400        22
    74.2600        16
    74.2800        20
    74.3000        20
    74.3200        20
    74.3400        24
    74.3600        22
    74.3800        24
    74.4000        18
    74.4200        20
    74.4400        28
    74.4600        22
    74.4800        12
    74.5000        28
    74.5200        12
    74.5400        16
    74.5600        16
    74.5800        16
    74.6000        26
    74.6200        26
    74.6400        24
    74.6600        24
    74.6800        20
    74.7000        20
    74.7200        12
    74.7400        16
    74.7600        28
    74.7800        20
    74.8000        20
    74.8200        18
    74.8400        18
    74.8600        30
    74.8800        14
    74.9000        22
    74.9200        28
    74.9400        24
    74.9600        28
    74.9800        28
    75.0000        20
    75.0200        32
    75.0400        32
    75.0600        26
    75.0800        30
    75.1000        38
    75.1200        28
    75.1400        30
    75.1600        36
    75.1800        28
    75.2000        36
    75.2200        34
    75.2400        46
    75.2600        34
    75.2800        28
    75.3000        36
    75.3200        28
    75.3400        36
    75.3600        32
    75.3800        30
    75.4000        24
    75.4200        36
    75.4400        32
    75.4600        26
    75.4800        30
    75.5000        20
    75.5200        28
    75.5400        26
    75.5600        24
    75.5800        32
    75.6000        24
    75.6200        30
    75.6400        34
    75.6600        24
    75.6800        32
    75.7000        40
    75.7200        28
    75.7400        30
    75.7600        28
    75.7800        18
    75.8000        34
    75.8200        32
    75.8400        36
    75.8600        36
    75.8800        32
    75.9000        40
    75.9200        32
    75.9400        30
    75.9600        34
    75.9800        32
    76.0000        26
    76.0200        32
    76.0400        26
    76.0600        30
    76.0800        22
    76.1000        26
    76.1200        34
    76.1400        30
    76.1600        24
    76.1800        20
    76.2000        26
    76.2200        24
    76.2400        32
    76.2600        28
    76.2800        18
    76.3000        30
    76.3200        42
    76.3400        34
    76.3600        38
    76.3800        48
    76.4000        40
    76.4200        42
    76.4400        30
    76.4600        30
    76.4800        40
    76.5000        28
    76.5200        38
    76.5400        38
    76.5600        36
    76.5800        42
    76.6000        32
    76.6200        44
    76.6400        46
    76.6600        34
    76.6800        38
    76.7000        26
    76.7200        28
    76.7400        26
    76.7600        24
    76.7800        32
    76.8000        16
    76.8200        16
    76.8400        20
    76.8600        28
    76.8800        24
    76.9000        24
    76.9200        34
    76.9400        30
    76.9600        30
    76.9800        32
    77.0000        24
    77.0200        24
    77.0400        36
    77.0600        32
    77.0800        26
    77.1000        28
    77.1200        24
    77.1400        32
    77.1600        28
    77.1800        34
    77.2000        38
    77.2200        26
    77.2400        34
    77.2600        28
    77.2800        34
    77.3000        32
    77.3200        32
    77.3400        40
    77.3600        30
    77.3800        28
    77.4000        36
    77.4200        24
    77.4400        26
    77.4600        24
    77.4800        36
    77.5000        24
    77.5200        32
    77.5400        28
    77.5600        26
    77.5800        18
    77.6000        26
    77.6200        30
    77.6400        22
    77.6600        22
    77.6800        22
    77.7000        26
    77.7200        20
    77.7400        16
    77.7600        22
    77.7800        28
    77.8000        24
    77.8200        18
    77.8400        22
    77.8600        26
    77.8800        18
    77.9000        22
    77.9200        22
    77.9400        26
    77.9600        18
    77.9800        14
    78.0000        20
    78.0200        20
    78.0400        24
    78.0600        18
    78.0800        16
    78.1000        32
    78.1200        16
    78.1400        20
    78.1600        22
    78.1800        12
    78.2000        26
    78.2200        18
    78.2400        22
    78.2600        18
    78.2800        14
    78.3000        20
    78.3200        18
    78.3400        12
    78.3600        16
    78.3800        20
    78.4000        12
    78.4200        16
    78.4400        18
    78.4600        18
    78.4800        18
    78.5000        20
    78.5200        14
    78.5400        16
    78.5600        16
    78.5800        14
    78.6000        18
    78.6200        20
    78.6400        20
    78.6600        18
    78.6800        20
    78.7000        16
    78.7200        16
    78.7400        18
    78.7600        20
    78.7800        16
    78.8000        22
    78.8200        14
    78.8400        22
    78.8600        22
    78.8800        18
    78.9000        24
    78.9200         8
    78.9400        20
    78.9600        16
    78.9800        12
    79.0000        12
    79.0200        20
    79.0400        12
    79.0600         8
    79.0800        20
    79.1000        18
    79.1200        20
    79.1400        18
    79.1600        22
    79.1800        26
    79.2000        16
    79.2200        16
    79.2400        18
    79.2600        20
    79.2800        18
    79.3000        22
    79.3200        14
    79.3400        18
    79.3600        20
    79.3800        12
    79.4000        14
    79.4200        20
    79.4400        18
    79.4600        22
    79.4800        22
    79.5000        12
    79.5200        14
    79.5400        20
    79.5600        10
    79.5800        22
    79.6000        24
    79.6200        34
    79.6400        34
    79.6600        24
    79.6800        30
    79.7000        34
    79.7200        24
    79.7400        22
    79.7600        30
    79.7800        22
    79.8000        20
    79.8200        24
    79.8400        24
    79.8600        32
    79.8800        14
    79.9000        22
    79.9200        22
    79.9400        22
    79.9600        20
    79.9800        24
    80.0000        24
