2T	Bragg's positions
9.804204778144989	-12.25
9.943492983808083	-12.25
13.061181247698418	-12.25
16.94143851307379	-12.25
17.185635579420328	-12.25
17.664869148327625	-12.25
19.130609031783074	-12.25
19.681112207701545	-12.25
19.962859876880596	-12.25
20.944882179287976	-12.25
21.71048417485001	-12.25
22.660371011639793	-12.25
22.682095268232725	-12.25
23.832441187985218	-12.25
25.15887599894464	-12.25
25.326900661520337	-12.25
25.66033049307483	-12.25
26.025144555086417	-12.25
26.29601898844762	-12.25
26.457306389179777	-12.25
27.112807401027414	-12.25
27.459689532961047	-12.25
28.64649482680867	-12.25
29.385955289622327	-12.25
29.708426061441937	-12.25
30.13935002855672	-12.25
30.376753541662517	-12.25
31.27944450379123	-12.25
31.355239719840025	-12.25
32.09903044241815	-12.25
32.32307645073439	-12.25
32.45684167156001	-12.25
32.61927799298763	-12.25
33.294003964083274	-12.25
34.26805603593108	-12.25
34.64834101970956	-12.25
34.77382260303927	-12.25
35.20565743184435	-12.25
35.76795250788957	-12.25
35.781931762234905	-12.25
36.05301598067089	-12.25
36.37643593916266	-12.25
36.63175637996057	-12.25
37.428034373942495	-12.25
37.56952662047296	-12.25
37.73962615971025	-12.25
38.78401550175071	-12.25
38.82213124005553	-12.25
39.200254384622696	-12.25
39.4129492636744	-12.25
39.539461210205246	-12.25
39.65156995938996	-12.25
39.80330089641753	-12.25
39.90012694907835	-12.25
39.97485419953112	-12.25
40.13601658689248	-12.25
40.542835339599094	-12.25
40.56607433768954	-12.25
40.799381979584886	-12.25
41.09095842049525	-12.25
41.34717781874865	-12.25
41.45552801592634	-12.25
41.512833937973646	-12.25
41.67183842042939	-12.25
42.17109480381906	-12.25
42.633689671049424	-12.25
42.77456034548336	-12.25
42.90123966772403	-12.25
43.52999371468137	-12.25
43.68215908386254	-12.25
43.85301940555053	-12.25
44.08207669300851	-12.25
44.19905350331764	-12.25
44.25347722473084	-12.25
44.2999727496703	-12.25
44.368616538139	-12.25
44.45932740878171	-12.25
45.78629115989668	-12.25
45.97509455315248	-12.25
46.15427785610713	-12.25
46.273308590227536	-12.25
46.319639609162344	-12.25
46.418638169337804	-12.25
46.76706367477733	-12.25
47.04272403565402	-12.25
47.0736643646431	-12.25
47.65887203820057	-12.25
48.03446836970746	-12.25
48.17379962765755	-12.25
48.33386534478164	-12.25
48.495720806782096	-12.25
48.52622597392267	-12.25
48.54638851031442	-12.25
48.782127909615575	-12.25
48.94096867485675	-12.25
49.27581550110113	-12.25
49.60338579324252	-12.25
49.883446245643825	-12.25
49.94667216264737	-12.25
50.029032666452395	-12.25
50.22693406579545	-12.25
50.47696327964679	-12.25
50.58853576672781	-12.25
50.69152172563463	-12.25
51.35719463083027	-12.25
51.64517454013461	-12.25
51.88712048052707	-12.25
51.91904092623446	-12.25
52.00976146158668	-12.25
52.148715402557926	-12.25
52.37123959412897	-12.25
52.45186067643575	-12.25
52.722756163971795	-12.25
52.7345781105625	-12.25
52.944373318778524	-12.25
53.06219894342598	-12.25
53.18343140685379	-12.25
53.26089616833526	-12.25
53.529678932913576	-12.25
53.58880965046944	-12.25
53.777060997988436	-12.25
54.07460118799882	-12.25
54.12146438937404	-12.25
54.308942954952336	-12.25
54.47441893262953	-12.25
54.856273172320115	-12.25
55.47905671870593	-12.25
55.79584192766604	-12.25
55.85556123173217	-12.25
55.91350391621309	-12.25
56.08536384456276	-12.25
56.344249136781734	-12.25
56.373698036272174	-12.25
56.6781231750332	-12.25
56.85898170802886	-12.25
56.99198800032311	-12.25
57.116294355653636	-12.25
57.1170467906932	-12.25
57.17292122372745	-12.25
57.6729494798983	-12.25
57.68333427096021	-12.25
57.791036465812034	-12.25
58.02185705035925	-12.25
58.20913822352282	-12.25
58.22091551985521	-12.25
58.3883677969316	-12.25
58.51820559288923	-12.25
58.522786934857265	-12.25
58.72600338621349	-12.25
58.96620281257206	-12.25
59.1720847986525	-12.25
59.27664824655982	-12.25
59.31105953751661	-12.25
59.478266170615655	-12.25
59.803595198133515	-12.25
59.854098924505585	-12.25
60.14073774712603	-12.25
60.387607436756106	-12.25
60.437867107078	-12.25
60.44323302371285	-12.25
60.52021277842727	-12.25
60.68493459533337	-12.25
60.71932224004875	-12.25
60.762833627730686	-12.25
60.965480397672394	-12.25
61.10011077188644	-12.25
61.374446802127494	-12.25
61.42259144929243	-12.25
61.617886874105935	-12.25
61.690475570100865	-12.25
61.91655702229978	-12.25
62.23611871594762	-12.25
62.313562790173485	-12.25
62.34975921102084	-12.25
62.43201634095876	-12.25
62.640713486171826	-12.25
62.66275244486885	-12.25
62.86228488788325	-12.25
63.04012882305461	-12.25
63.20012203450001	-12.25
63.20927742770692	-12.25
63.360339955965344	-12.25
63.38728354299575	-12.25
63.47836599063576	-12.25
63.712228816020755	-12.25
64.09023244730913	-12.25
64.11815670437554	-12.25
64.19144039847751	-12.25
64.24082337004201	-12.25
64.32402370822899	-12.25
64.40350289853404	-12.25
64.59572980063983	-12.25
64.82307862029879	-12.25
64.87562978929982	-12.25
64.9063223256631	-12.25
64.99079244469253	-12.25
65.25499066112661	-12.25
65.42838923741367	-12.25
65.59639164438539	-12.25
65.90179010545543	-12.25
65.93759532509681	-12.25
66.08865178127772	-12.25
66.20001088060397	-12.25
66.30325977194414	-12.25
66.4349642598541	-12.25
66.45414222879911	-12.25
66.45901414491549	-12.25
66.61502256678752	-12.25
66.6412617047483	-12.25
66.90296268846805	-12.25
67.00059466283916	-12.25
67.13733199447157	-12.25
67.18894687140407	-12.25
67.47299458445707	-12.25
67.65478348515803	-12.25
67.72607329187518	-12.25
67.96433167124934	-12.25
68.00636212427852	-12.25
68.04093135344469	-12.25
68.09221210773643	-12.25
68.16018637802455	-12.25
68.29999619941005	-12.25
68.34084593498362	-12.25
68.6318255618088	-12.25
68.70460389162167	-12.25
68.80248790553229	-12.25
68.93535820847829	-12.25
69.01190937516489	-12.25
69.0942791549607	-12.25
69.23758019307346	-12.25
69.31483758675441	-12.25
69.34432692819723	-12.25
69.62549818611583	-12.25
69.80374925765435	-12.25
69.91222903521252	-12.25
70.00721540470934	-12.25
70.19173457824368	-12.25
70.5372102344111	-12.25
70.7689692953695	-12.25
70.79987563292892	-12.25
71.15355430088192	-12.25
71.21934531169806	-12.25
71.28036484795163	-12.25
71.30427798814969	-12.25
71.48133180633319	-12.25
71.55797338024068	-12.25
71.7072510448624	-12.25
71.9339340692209	-12.25
71.96120130277697	-12.25
71.97968904767971	-12.25
72.20276303337627	-12.25
72.2272131433616	-12.25
72.30633368726537	-12.25
72.35667985731573	-12.25
72.36073341500583	-12.25
72.42860195090454	-12.25
72.43654108870224	-12.25
72.76323206938598	-12.25
73.1044475420576	-12.25
73.40292234820657	-12.25
73.40699925456396	-12.25
73.478517392322	-12.25
73.58795388769822	-12.25
73.63687854212732	-12.25
74.07553356738364	-12.25
74.22555304550934	-12.25
74.30744295577216	-12.25
74.3778477282338	-12.25
74.43378072511491	-12.25
74.4725562179362	-12.25
74.6955446954493	-12.25
74.82441480064449	-12.25
75.00410809991908	-12.25
75.22001665147879	-12.25
75.27507382614685	-12.25
75.29914471815698	-12.25
75.32448993641862	-12.25
75.33903926411712	-12.25
75.34349363644041	-12.25
75.49219757868373	-12.25
75.49743430277219	-12.25
75.67134047495095	-12.25
75.78486180000726	-12.25
75.81858108369781	-12.25
75.96614080755465	-12.25
75.99096669808827	-12.25
76.16319371560294	-12.25
76.45736716136157	-12.25
76.47373561627717	-12.25
76.53188756511487	-12.25
76.55102727961194	-12.25
76.60075961043667	-12.25
76.77904938024531	-12.25
76.81803998156083	-12.25
76.82163960387334	-12.25
77.12062506557437	-12.25
77.18933213374342	-12.25
77.25859386629496	-12.25
77.26862209229736	-12.25
77.31844542451262	-12.25
77.36719918533943	-12.25
77.5123456265811	-12.25
77.77418172584312	-12.25
77.88072032957568	-12.25
78.14430715760368	-12.25
78.32153219789146	-12.25
78.36781443972097	-12.25
78.53452207774491	-12.25
78.80826463883164	-12.25
78.94476009229548	-12.25
79.09492782040975	-12.25
79.1641186158047	-12.25
79.48922636709352	-12.25
79.67896724239753	-12.25
79.82975182310916	-12.25
79.83582258536208	-12.25
19.421791386281374	-24.5
27.601368056222174	-24.5
33.97425280352701	-24.5
39.43145144742932	-24.5
44.317343314575766	-24.5
48.80852127431638	-24.5
56.99104776429144	-24.5
60.799562428342504	-24.5
60.799562428342504	-24.5
64.47133633304958	-24.5
68.03384449846666	-24.5
71.50903559893497	-24.5
74.91502256409765	-24.5
78.26721276162976	-24.5
12.677337768066952	-36.75
22.52116970155426	-36.75
25.513251034258467	-36.75
25.92599649489459	-36.75
25.92599649489459	-36.75
34.287240428303534	-36.75
34.287240428303534	-36.75
38.68511522451524	-36.75
39.53694919513565	-36.75
41.68298949880765	-36.75
45.22448725823058	-36.75
45.22448725823058	-36.75
45.97658367877849	-36.75
47.646727297462505	-36.75
47.88863942614069	-36.75
47.88863942614069	-36.75
52.4146345552534	-36.75
53.31337293225273	-36.75
53.31337293225273	-36.75
56.50892818411857	-36.75
57.74550582183391	-36.75
57.74550582183391	-36.75
61.60515181539837	-36.75
61.60515181539837	-36.75
62.21425621184807	-36.75
63.781984871356585	-36.75
63.781984871356585	-36.75
67.01217063451915	-36.75
67.59463154651363	-36.75
68.36747977825391	-36.75
68.36747977825391	-36.75
71.68302890654778	-36.75
71.68302890654778	-36.75
71.72110713436984	-36.75
72.24814838460162	-36.75
72.24814838460162	-36.75
73.18609608406658	-36.75
73.18609608406658	-36.75
75.71417098732611	-36.75
75.71417098732611	-36.75
77.51826524248331	-36.75
77.51826524248331	-36.75
11.947941609789748	-49.0
12.181257795564955	-49.0
17.09453189138026	-49.0
18.98082576724075	-49.0
19.278448437249843	-49.0
20.632559251650108	-49.0
21.043824908536276	-49.0
21.179217832575638	-49.0
24.02830471296805	-49.0
24.502955775008807	-49.0
25.98678316859652	-49.0
27.022347496437657	-49.0
27.342599556298804	-49.0
28.588099458902466	-49.0
29.241319567311184	-49.0
30.030290408641548	-49.0
30.79865808094503	-49.0
31.365420706228907	-49.0
31.78234873582602	-49.0
32.242322051272126	-49.0
32.51551526502347	-49.0
32.60612638373208	-49.0
34.58507176445767	-49.0
35.517133839281	-49.0
35.85154064905677	-49.0
35.85154064905677	-49.0
36.38733683139684	-49.0
36.38733683139684	-49.0
36.79637584807206	-49.0
37.039934642183184	-49.0
37.12081638069375	-49.0
38.157073440090436	-49.0
38.509042526636385	-49.0
39.131384891738406	-49.0
39.28386252955419	-49.0
39.74373331393347	-49.0
40.00816710550301	-49.0
40.047861599032096	-49.0
40.199207236705355	-49.0
40.909998773012425	-49.0
41.13289998137618	-49.0
41.974909051882854	-49.0
42.84262723240603	-49.0
43.12872491723217	-49.0
43.19833580518459	-49.0
43.86928307659496	-49.0
44.04657387488584	-49.0
44.35968487267824	-49.0
44.35968487267824	-49.0
44.70735808524239	-49.0
44.91494188065521	-49.0
44.983968921365744	-49.0
45.46324453152821	-49.0
46.30910424125814	-49.0
46.84625001850518	-49.0
47.24602864663925	-49.0
47.476489102502256	-49.0
47.51111992842638	-49.0
47.51111992842638	-49.0
47.6432448126856	-49.0
47.93797131122369	-49.0
48.26555676890066	-49.0
48.46130783412022	-49.0
49.203250577646216	-49.0
50.22611120443972	-49.0
50.31824100816683	-49.0
50.66736201767796	-49.0
50.88620582571768	-49.0
51.04463558055955	-49.0
51.44816278083677	-49.0
51.6364556872276	-49.0
51.82280123937881	-49.0
51.82280123937881	-49.0
51.945310828145566	-49.0
51.9748143376226	-49.0
52.562041124126	-49.0
52.68477600927974	-49.0
52.95876362416834	-49.0
52.95876362416834	-49.0
53.44596870246382	-49.0
53.56586403077739	-49.0
53.59474027321832	-49.0
53.92870248383017	-49.0
54.138171398266614	-49.0
54.55827524570139	-49.0
54.55827524570139	-49.0
54.85701077217108	-49.0
54.85701077217108	-49.0
55.09521167401911	-49.0
55.714460843669364	-49.0
56.242619158618574	-49.0
56.242619158618574	-49.0
56.419783452054666	-49.0
56.710594308151116	-49.0
56.73838766891342	-49.0
57.05993349972976	-49.0
57.26171466208655	-49.0
57.29206080714141	-49.0
57.29206080714141	-49.0
57.40789804147678	-49.0
58.12718363139324	-49.0
58.18459054397012	-49.0
58.267937438417135	-49.0
58.58410352056433	-49.0
58.724169671795565	-49.0
59.18087647419645	-49.0
59.29304586967454	-49.0
59.634092581069936	-49.0
59.745740085512615	-49.0
59.77263669153203	-49.0
60.27930119289362	-49.0
60.30869400023412	-49.0
60.30869400023412	-49.0
60.42090500808693	-49.0
60.64100680910872	-49.0
60.95090826260667	-49.0
61.11812432831108	-49.0
61.69737427366334	-49.0
62.11068033698478	-49.0
62.416306795758786	-49.0
62.68977436048477	-49.0
62.71592264889052	-49.0
63.018593182210665	-49.0
63.208675855218154	-49.0
63.34645404081568	-49.0
63.59045203781801	-49.0
63.59045203781801	-49.0
63.86237668063249	-49.0
64.02522752124219	-49.0
64.07946098102182	-49.0
64.13239502339296	-49.0
64.15821604934445	-49.0
64.5896379095026	-49.0
64.78098885853782	-49.0
64.99261944705839	-49.0
64.99261944705839	-49.0
65.12833753916455	-49.0
65.12833753916455	-49.0
65.45169091064727	-49.0
65.58313157256276	-49.0
65.87860654973947	-49.0
66.06422774509024	-49.0
66.06422774509024	-49.0
66.09215685758488	-49.0
66.19879962015987	-49.0
66.40806920728274	-49.0
66.43717578457404	-49.0
66.43717578457404	-49.0
66.70291943723228	-49.0
66.8621108104286	-49.0
66.91513255688525	-49.0
67.46812894944419	-49.0
68.10025378429273	-49.0
68.31033618725782	-49.0
68.3615750989144	-49.0
68.38657097956602	-49.0
68.67601566720886	-49.0
68.80437341640535	-49.0
69.32650559096393	-49.0
69.48401797731964	-49.0
69.55842992670655	-49.0
70.05449817398134	-49.0
70.18170258377882	-49.0
70.26187520077218	-49.0
70.26187520077218	-49.0
70.56878948640568	-49.0
70.56878948640568	-49.0
71.11207927363263	-49.0
71.13663629285543	-49.0
71.42104621718447	-49.0
71.59980943585226	-49.0
71.72945414251683	-49.0
71.72945414251683	-49.0
71.9591943225694	-49.0
72.28864085769096	-49.0
72.36902376114988	-49.0
72.36902376114989	-49.0
72.420186522706	-49.0
72.61988685016092	-49.0
72.90191907160789	-49.0
72.95413298607563	-49.0
73.28299281653716	-49.0
73.41144298201475	-49.0
73.41144298201475	-49.0
73.8180903557635	-49.0
73.84228385325096	-49.0
73.84228385325096	-49.0
73.96678669491607	-49.0
74.29870937831099	-49.0
74.32522720674908	-49.0
74.32522720674908	-49.0
74.42650222916005	-49.0
74.6530001038307	-49.0
74.6530001038307	-49.0
74.905696443743	-49.0
74.905696443743	-49.0
74.97788446001042	-49.0
75.05716975123109	-49.0
75.15690617170306	-49.0
75.18094339482202	-49.0
75.30464633789944	-49.0
75.58294147815253	-49.0
75.9865797177867	-49.0
75.9865797177867	-49.0
76.08590084126322	-49.0
76.08590084126322	-49.0
76.38832957526297	-49.0
76.48748029966313	-49.0
76.78822049532174	-49.0
76.78822049532174	-49.0
76.9623035970579	-49.0
77.08859055290539	-49.0
77.28510953605053	-49.0
77.28510953605053	-49.0
77.56226853475131	-49.0
77.71204082281561	-49.0
77.95678213681602	-49.0
78.23206608748963	-49.0
78.2830461811051	-49.0
78.60424598817227	-49.0
78.60424598817227	-49.0
78.88006217416432	-49.0
78.95109657408325	-49.0
79.07879277426228	-49.0
79.15094703156402	-49.0
79.27272175258425	-49.0
79.42508649287896	-49.0
79.54675170705735	-49.0
79.56921332519744	-49.0
79.59750313970785	-49.0
79.72259748981398	-49.0
79.94438192452499	-49.0
79.94438192452499	-49.0
