    10.0000        78
    10.0200        68
    10.0400        84
    10.0600        70
    10.0800        82
    10.1000        68
    10.1200        70
    10.1400        64
    10.1600        68
    10.1800        56
    10.2000        66
    10.2200        54
    10.2400        62
    10.2600        72
    10.2800        54
    10.3000        64
    10.3200        66
    10.3400        68
    10.3600        64
    10.3800        54
    10.4000        66
    10.4200        66
    10.4400        70
    10.4600        62
    10.4800        66
    10.5000        62
    10.5200        84
    10.5400        66
    10.5600        48
    10.5800        62
    10.6000        80
    10.6200        64
    10.6400        66
    10.6600        70
    10.6800        46
    10.7000        62
    10.7200        56
    10.7400        46
    10.7600        64
    10.7800        74
    10.8000        78
    10.8200        56
    10.8400        56
    10.8600        58
    10.8800        70
    10.9000        46
    10.9200        58
    10.9400        54
    10.9600        54
    10.9800        48
    11.0000        70
    11.0200        74
    11.0400        50
    11.0600        60
    11.0800        58
    11.1000        76
    11.1200        52
    11.1400        42
    11.1600        58
    11.1800        60
    11.2000        58
    11.2200        60
    11.2400        58
    11.2600        72
    11.2800        56
    11.3000        60
    11.3200        68
    11.3400        64
    11.3600        54
    11.3800        58
    11.4000        64
    11.4200        52
    11.4400        68
    11.4600        66
    11.4800        54
    11.5000        66
    11.5200        50
    11.5400        66
    11.5600        40
    11.5800        44
    11.6000        62
    11.6200        54
    11.6400        54
    11.6600        60
    11.6800        40
    11.7000        60
    11.7200        50
    11.7400        44
    11.7600        60
    11.7800        56
    11.8000        58
    11.8200        62
    11.8400        56
    11.8600        56
    11.8800        48
    11.9000        60
    11.9200        70
    11.9400        62
    11.9600        64
    11.9800        56
    12.0000        78
    12.0200        48
    12.0400        68
    12.0600        64
    12.0800        60
    12.1000        54
    12.1200        62
    12.1400        78
    12.1600        72
    12.1800        70
    12.2000        68
    12.2200        96
    12.2400        90
    12.2600       108
    12.2800        76
    12.3000       106
    12.3200        88
    12.3400       102
    12.3600        94
    12.3800       132
    12.4000       114
    12.4200       134
    12.4400       130
    12.4600       136
    12.4800       186
    12.5000       168
    12.5200       182
    12.5400       192
    12.5600       220
    12.5800       200
    12.6000       186
    12.6200       178
    12.6400       166
    12.6600       156
    12.6800       144
    12.7000       128
    12.7200        92
    12.7400        96
    12.7600        68
    12.7800        84
    12.8000        78
    12.8200        80
    12.8400        62
    12.8600        68
    12.8800        78
    12.9000        68
    12.9200        58
    12.9400        76
    12.9600        78
    12.9800        68
    13.0000        66
    13.0200        74
    13.0400        68
    13.0600        62
    13.0800        48
    13.1000        56
    13.1200        50
    13.1400        56
    13.1600        48
    13.1800        52
    13.2000        56
    13.2200        40
    13.2400        58
    13.2600        50
    13.2800        46
    13.3000        40
    13.3200        56
    13.3400        52
    13.3600        36
    13.3800        38
    13.4000        64
    13.4200        42
    13.4400        46
    13.4600        40
    13.4800        44
    13.5000        32
    13.5200        48
    13.5400        46
    13.5600        36
    13.5800        28
    13.6000        54
    13.6200        44
    13.6400        40
    13.6600        54
    13.6800        54
    13.7000        52
    13.7200        48
    13.7400        48
    13.7600        42
    13.7800        32
    13.8000        64
    13.8200        48
    13.8400        40
    13.8600        42
    13.8800        44
    13.9000        36
    13.9200        44
    13.9400        48
    13.9600        38
    13.9800        40
    14.0000        38
    14.0200        44
    14.0400        42
    14.0600        48
    14.0800        34
    14.1000        36
    14.1200        38
    14.1400        52
    14.1600        50
    14.1800        34
    14.2000        50
    14.2200        44
    14.2400        44
    14.2600        34
    14.2800        46
    14.3000        44
    14.3200        46
    14.3400        40
    14.3600        40
    14.3800        54
    14.4000        52
    14.4200        46
    14.4400        28
    14.4600        36
    14.4800        24
    14.5000        40
    14.5200        64
    14.5400        30
    14.5600        46
    14.5800        38
    14.6000        44
    14.6200        48
    14.6400        36
    14.6600        30
    14.6800        32
    14.7000        34
    14.7200        38
    14.7400        36
    14.7600        28
    14.7800        38
    14.8000        40
    14.8200        48
    14.8400        32
    14.8600        42
    14.8800        24
    14.9000        42
    14.9200        40
    14.9400        34
    14.9600        54
    14.9800        40
    15.0000        32
    15.0200        36
    15.0400        40
    15.0600        44
    15.0800        42
    15.1000        42
    15.1200        36
    15.1400        34
    15.1600        36
    15.1800        34
    15.2000        36
    15.2200        36
    15.2400        40
    15.2600        30
    15.2800        52
    15.3000        32
    15.3200        40
    15.3400        34
    15.3600        34
    15.3800        40
    15.4000        44
    15.4200        28
    15.4400        42
    15.4600        30
    15.4800        34
    15.5000        36
    15.5200        48
    15.5400        34
    15.5600        44
    15.5800        38
    15.6000        34
    15.6200        36
    15.6400        42
    15.6600        20
    15.6800        42
    15.7000        38
    15.7200        52
    15.7400        34
    15.7600        46
    15.7800        22
    15.8000        46
    15.8200        38
    15.8400        32
    15.8600        30
    15.8800        32
    15.9000        34
    15.9200        30
    15.9400        28
    15.9600        30
    15.9800        32
    16.0000        42
    16.0200        40
    16.0400        44
    16.0600        32
    16.0800        32
    16.1000        26
    16.1200        26
    16.1400        24
    16.1600        36
    16.1800        46
    16.2000        36
    16.2200        30
    16.2400        22
    16.2600        30
    16.2800        36
    16.3000        30
    16.3200        46
    16.3400        30
    16.3600        38
    16.3800        38
    16.4000        34
    16.4200        32
    16.4400        26
    16.4600        36
    16.4800        34
    16.5000        44
    16.5200        42
    16.5400        44
    16.5600        40
    16.5800        28
    16.6000        38
    16.6200        48
    16.6400        30
    16.6600        26
    16.6800        28
    16.7000        30
    16.7200        30
    16.7400        26
    16.7600        28
    16.7800        40
    16.8000        30
    16.8200        40
    16.8400        40
    16.8600        28
    16.8800        30
    16.9000        36
    16.9200        36
    16.9400        26
    16.9600        36
    16.9800        36
    17.0000        34
    17.0200        34
    17.0400        40
    17.0600        28
    17.0800        40
    17.1000        26
    17.1200        38
    17.1400        26
    17.1600        36
    17.1800        30
    17.2000        34
    17.2200        42
    17.2400        22
    17.2600        38
    17.2800        34
    17.3000        34
    17.3200        24
    17.3400        34
    17.3600        32
    17.3800        42
    17.4000        16
    17.4200        36
    17.4400        36
    17.4600        38
    17.4800        34
    17.5000        30
    17.5200        44
    17.5400        46
    17.5600        40
    17.5800        42
    17.6000        38
    17.6200        42
    17.6400        32
    17.6600        20
    17.6800        36
    17.7000        38
    17.7200        26
    17.7400        36
    17.7600        28
    17.7800        36
    17.8000        36
    17.8200        32
    17.8400        38
    17.8600        26
    17.8800        24
    17.9000        30
    17.9200        30
    17.9400        34
    17.9600        36
    17.9800        30
    18.0000        36
    18.0200        26
    18.0400        26
    18.0600        30
    18.0800        26
    18.1000        20
    18.1200        38
    18.1400        28
    18.1600        22
    18.1800        36
    18.2000        26
    18.2200        28
    18.2400        30
    18.2600        30
    18.2800        46
    18.3000        24
    18.3200        34
    18.3400        40
    18.3600        38
    18.3800        30
    18.4000        28
    18.4200        24
    18.4400        28
    18.4600        26
    18.4800        34
    18.5000        26
    18.5200        30
    18.5400        32
    18.5600        32
    18.5800        30
    18.6000        26
    18.6200        28
    18.6400        28
    18.6600        28
    18.6800        20
    18.7000        30
    18.7200        26
    18.7400        22
    18.7600        24
    18.7800        38
    18.8000        28
    18.8200        34
    18.8400        32
    18.8600        24
    18.8800        16
    18.9000        40
    18.9200        26
    18.9400        30
    18.9600        30
    18.9800        30
    19.0000        24
    19.0200        30
    19.0400        22
    19.0600        34
    19.0800        36
    19.1000        24
    19.1200        30
    19.1400        24
    19.1600        24
    19.1800        38
    19.2000        26
    19.2200        32
    19.2400        22
    19.2600        28
    19.2800        24
    19.3000        18
    19.3200        32
    19.3400        26
    19.3600        30
    19.3800        26
    19.4000        32
    19.4200        36
    19.4400        26
    19.4600        34
    19.4800        34
    19.5000        24
    19.5200        28
    19.5400        36
    19.5600        30
    19.5800        30
    19.6000        34
    19.6200        34
    19.6400        22
    19.6600        34
    19.6800        34
    19.7000        26
    19.7200        34
    19.7400        24
    19.7600        40
    19.7800        30
    19.8000        40
    19.8200        18
    19.8400        34
    19.8600        32
    19.8800        26
    19.9000        22
    19.9200        34
    19.9400        28
    19.9600        30
    19.9800        18
    20.0000        22
    20.0200        28
    20.0400        30
    20.0600        34
    20.0800        24
    20.1000        30
    20.1200        32
    20.1400        34
    20.1600        24
    20.1800        30
    20.2000        20
    20.2200        20
    20.2400        38
    20.2600        36
    20.2800        34
    20.3000        26
    20.3200        34
    20.3400        34
    20.3600        30
    20.3800        26
    20.4000        32
    20.4200        26
    20.4400        26
    20.4600        30
    20.4800        20
    20.5000        30
    20.5200        26
    20.5400        18
    20.5600        36
    20.5800        28
    20.6000        30
    20.6200        30
    20.6400        30
    20.6600        44
    20.6800        40
    20.7000        36
    20.7200        56
    20.7400        50
    20.7600        46
    20.7800        42
    20.8000        48
    20.8200        64
    20.8400        56
    20.8600        60
    20.8800        60
    20.9000        62
    20.9200        54
    20.9400        62
    20.9600        44
    20.9800        58
    21.0000        30
    21.0200        26
    21.0400        30
    21.0600        24
    21.0800        34
    21.1000        38
    21.1200        22
    21.1400        24
    21.1600        26
    21.1800        38
    21.2000        34
    21.2200        26
    21.2400        26
    21.2600        34
    21.2800        34
    21.3000        30
    21.3200        28
    21.3400        26
    21.3600        34
    21.3800        28
    21.4000        36
    21.4200        26
    21.4400        26
    21.4600        36
    21.4800        28
    21.5000        36
    21.5200        36
    21.5400        30
    21.5600        56
    21.5800        44
    21.6000        40
    21.6200        38
    21.6400        46
    21.6600        42
    21.6800        34
    21.7000        46
    21.7200        34
    21.7400        32
    21.7600        32
    21.7800        36
    21.8000        26
    21.8200        26
    21.8400        26
    21.8600        32
    21.8800        30
    21.9000        16
    21.9200        30
    21.9400        38
    21.9600        26
    21.9800        24
    22.0000        32
    22.0200        28
    22.0400        22
    22.0600        28
    22.0800        32
    22.1000        34
    22.1200        36
    22.1400        20
    22.1600        36
    22.1800        38
    22.2000        28
    22.2200        34
    22.2400        48
    22.2600        44
    22.2800        42
    22.3000        60
    22.3200        52
    22.3400        56
    22.3600        58
    22.3800        52
    22.4000        64
    22.4200        64
    22.4400        68
    22.4600        68
    22.4800        84
    22.5000        74
    22.5200        66
    22.5400        62
    22.5600        82
    22.5800        72
    22.6000        70
    22.6200        62
    22.6400        66
    22.6600        52
    22.6800        66
    22.7000        56
    22.7200        38
    22.7400        44
    22.7600        38
    22.7800        34
    22.8000        36
    22.8200        40
    22.8400        42
    22.8600        34
    22.8800        36
    22.9000        36
    22.9200        36
    22.9400        36
    22.9600        50
    22.9800        26
    23.0000        38
    23.0200        36
    23.0400        30
    23.0600        36
    23.0800        36
    23.1000        38
    23.1200        30
    23.1400        26
    23.1600        40
    23.1800        34
    23.2000        32
    23.2200        28
    23.2400        34
    23.2600        30
    23.2800        30
    23.3000        38
    23.3200        26
    23.3400        30
    23.3600        36
    23.3800        22
    23.4000        30
    23.4200        32
    23.4400        40
    23.4600        18
    23.4800        28
    23.5000        28
    23.5200        28
    23.5400        22
    23.5600        36
    23.5800        30
    23.6000        34
    23.6200        20
    23.6400        28
    23.6600        30
    23.6800        36
    23.7000        38
    23.7200        42
    23.7400        40
    23.7600        42
    23.7800        28
    23.8000        32
    23.8200        32
    23.8400        30
    23.8600        30
    23.8800        22
    23.9000        26
    23.9200        42
    23.9400        28
    23.9600        20
    23.9800        26
    24.0000        36
    24.0200        32
    24.0400        32
    24.0600        28
    24.0800        32
    24.1000        34
    24.1200        30
    24.1400        34
    24.1600        38
    24.1800        42
    24.2000        36
    24.2200        38
    24.2400        34
    24.2600        36
    24.2800        34
    24.3000        48
    24.3200        48
    24.3400        36
    24.3600        40
    24.3800        34
    24.4000        36
    24.4200        28
    24.4400        32
    24.4600        36
    24.4800        36
    24.5000        38
    24.5200        38
    24.5400        42
    24.5600        42
    24.5800        48
    24.6000        46
    24.6200        50
    24.6400        52
    24.6600        42
    24.6800        46
    24.7000        60
    24.7200        46
    24.7400        46
    24.7600        50
    24.7800        54
    24.8000        56
    24.8200        62
    24.8400        64
    24.8600        62
    24.8800        76
    24.9000        64
    24.9200        60
    24.9400        58
    24.9600        76
    24.9800       100
    25.0000        88
    25.0200        84
    25.0400        94
    25.0600        90
    25.0800       108
    25.1000       108
    25.1200       110
    25.1400       126
    25.1600       120
    25.1800       160
    25.2000       134
    25.2200       150
    25.2400       160
    25.2600       156
    25.2800       160
    25.3000       154
    25.3200       156
    25.3400       168
    25.3600       150
    25.3800       168
    25.4000       174
    25.4200       170
    25.4400       168
    25.4600       198
    25.4800       196
    25.5000       232
    25.5200       252
    25.5400       248
    25.5600       292
    25.5800       308
    25.6000       306
    25.6200       304
    25.6400       296
    25.6600       316
    25.6800       324
    25.7000       346
    25.7200       370
    25.7400       378
    25.7600       364
    25.7800       414
    25.8000       430
    25.8200       472
    25.8400       472
    25.8600       526
    25.8800       502
    25.9000       436
    25.9200       470
    25.9400       414
    25.9600       388
    25.9800       394
    26.0000       370
    26.0200       350
    26.0400       334
    26.0600       344
    26.0800       286
    26.1000       318
    26.1200       288
    26.1400       264
    26.1600       258
    26.1800       272
    26.2000       246
    26.2200       248
    26.2400       246
    26.2600       264
    26.2800       240
    26.3000       244
    26.3200       222
    26.3400       240
    26.3600       252
    26.3800       198
    26.4000       244
    26.4200       182
    26.4400       184
    26.4600       176
    26.4800       172
    26.5000       146
    26.5200       136
    26.5400       136
    26.5600       126
    26.5800       100
    26.6000       112
    26.6200       108
    26.6400       110
    26.6600        86
    26.6800        90
    26.7000       114
    26.7200       106
    26.7400        92
    26.7600       116
    26.7800       102
    26.8000       104
    26.8200       114
    26.8400       138
    26.8600       140
    26.8800       152
    26.9000       160
    26.9200       196
    26.9400       194
    26.9600       222
    26.9800       254
    27.0000       260
    27.0200       252
    27.0400       278
    27.0600       262
    27.0800       250
    27.1000       258
    27.1200       226
    27.1400       210
    27.1600       216
    27.1800       174
    27.2000       176
    27.2200       198
    27.2400       188
    27.2600       200
    27.2800       202
    27.3000       242
    27.3200       268
    27.3400       290
    27.3600       404
    27.3800       474
    27.4000       558
    27.4200       666
    27.4400       808
    27.4600       956
    27.4800      1144
    27.5000      1190
    27.5200      1186
    27.5400      1122
    27.5600       980
    27.5800       780
    27.6000       610
    27.6200       450
    27.6400       346
    27.6600       262
    27.6800       196
    27.7000       186
    27.7200       124
    27.7400       104
    27.7600        80
    27.7800        92
    27.8000        74
    27.8200        66
    27.8400        66
    27.8600        54
    27.8800        68
    27.9000        54
    27.9200        64
    27.9400        58
    27.9600        56
    27.9800        64
    28.0000        42
    28.0200        38
    28.0400        36
    28.0600        60
    28.0800        38
    28.1000        36
    28.1200        40
    28.1400        40
    28.1600        46
    28.1800        30
    28.2000        44
    28.2200        32
    28.2400        52
    28.2600        44
    28.2800        38
    28.3000        38
    28.3200        36
    28.3400        36
    28.3600        40
    28.3800        34
    28.4000        40
    28.4200        32
    28.4400        34
    28.4600        42
    28.4800        34
    28.5000        34
    28.5200        38
    28.5400        26
    28.5600        28
    28.5800        34
    28.6000        42
    28.6200        52
    28.6400        30
    28.6600        34
    28.6800        32
    28.7000        36
    28.7200        34
    28.7400        32
    28.7600        40
    28.7800        42
    28.8000        40
    28.8200        34
    28.8400        34
    28.8600        22
    28.8800        38
    28.9000        28
    28.9200        40
    28.9400        32
    28.9600        32
    28.9800        34
    29.0000        36
    29.0200        42
    29.0400        34
    29.0600        40
    29.0800        34
    29.1000        36
    29.1200        28
    29.1400        38
    29.1600        28
    29.1800        28
    29.2000        42
    29.2200        50
    29.2400        38
    29.2600        36
    29.2800        54
    29.3000        50
    29.3200        42
    29.3400        42
    29.3600        48
    29.3800        32
    29.4000        32
    29.4200        46
    29.4400        36
    29.4600        36
    29.4800        46
    29.5000        44
    29.5200        44
    29.5400        34
    29.5600        42
    29.5800        32
    29.6000        26
    29.6200        32
    29.6400        30
    29.6600        46
    29.6800        46
    29.7000        46
    29.7200        40
    29.7400        36
    29.7600        38
    29.7800        24
    29.8000        26
    29.8200        32
    29.8400        28
    29.8600        34
    29.8800        44
    29.9000        42
    29.9200        28
    29.9400        28
    29.9600        26
    29.9800        28
    30.0000        52
    30.0200        32
    30.0400        36
    30.0600        18
    30.0800        34
    30.1000        30
    30.1200        26
    30.1400        38
    30.1600        40
    30.1800        36
    30.2000        30
    30.2200        42
    30.2400        18
    30.2600        36
    30.2800        36
    30.3000        38
    30.3200        20
    30.3400        26
    30.3600        22
    30.3800        32
    30.4000        28
    30.4200        26
    30.4400        28
    30.4600        32
    30.4800        36
    30.5000        28
    30.5200        36
    30.5400        32
    30.5600        38
    30.5800        34
    30.6000        34
    30.6200        30
    30.6400        36
    30.6600        26
    30.6800        38
    30.7000        30
    30.7200        38
    30.7400        28
    30.7600        36
    30.7800        28
    30.8000        36
    30.8200        26
    30.8400        46
    30.8600        34
    30.8800        44
    30.9000        46
    30.9200        34
    30.9400        44
    30.9600        54
    30.9800        48
    31.0000        48
    31.0200        50
    31.0400        48
    31.0600        66
    31.0800        92
    31.1000        98
    31.1200        98
    31.1400       102
    31.1600        94
    31.1800       118
    31.2000       108
    31.2200       108
    31.2400       130
    31.2600       140
    31.2800       108
    31.3000        98
    31.3200        96
    31.3400        82
    31.3600        78
    31.3800        82
    31.4000        76
    31.4200        62
    31.4400        44
    31.4600        46
    31.4800        52
    31.5000        50
    31.5200        52
    31.5400        46
    31.5600        38
    31.5800        48
    31.6000        28
    31.6200        32
    31.6400        34
    31.6600        30
    31.6800        46
    31.7000        34
    31.7200        32
    31.7400        42
    31.7600        34
    31.7800        34
    31.8000        34
    31.8200        36
    31.8400        40
    31.8600        50
    31.8800        34
    31.9000        34
    31.9200        32
    31.9400        44
    31.9600        50
    31.9800        42
    32.0000        46
    32.0200        58
    32.0400        64
    32.0600        38
    32.0800        32
    32.1000        50
    32.1200        50
    32.1400        48
    32.1600        48
    32.1800        50
    32.2000        38
    32.2200        38
    32.2400        42
    32.2600        38
    32.2800        50
    32.3000        50
    32.3200        42
    32.3400        46
    32.3600        42
    32.3800        46
    32.4000        54
    32.4200        46
    32.4400        54
    32.4600        42
    32.4800        48
    32.5000        48
    32.5200        50
    32.5400        58
    32.5600        34
    32.5800        44
    32.6000        64
    32.6200        42
    32.6400        42
    32.6600        58
    32.6800        28
    32.7000        48
    32.7200        32
    32.7400        44
    32.7600        48
    32.7800        34
    32.8000        42
    32.8200        50
    32.8400        36
    32.8600        42
    32.8800        42
    32.9000        58
    32.9200        46
    32.9400        54
    32.9600        32
    32.9800        48
    33.0000        56
    33.0200        46
    33.0400        58
    33.0600        50
    33.0800        60
    33.1000        62
    33.1200        60
    33.1400        68
    33.1600        64
    33.1800        82
    33.2000        72
    33.2200        84
    33.2400        82
    33.2600        74
    33.2800        76
    33.3000        62
    33.3200        68
    33.3400        82
    33.3600        62
    33.3800        68
    33.4000        50
    33.4200        54
    33.4400        52
    33.4600        80
    33.4800        64
    33.5000        58
    33.5200        82
    33.5400        70
    33.5600        64
    33.5800        70
    33.6000        78
    33.6200        84
    33.6400        78
    33.6600        90
    33.6800        82
    33.7000        76
    33.7200       106
    33.7400        86
    33.7600       100
    33.7800        94
    33.8000       102
    33.8200       104
    33.8400       120
    33.8600       116
    33.8800       116
    33.9000       128
    33.9200       116
    33.9400       128
    33.9600       138
    33.9800       136
    34.0000       190
    34.0200       142
    34.0400       156
    34.0600       176
    34.0800       162
    34.1000       166
    34.1200       160
    34.1400       190
    34.1600       194
    34.1800       220
    34.2000       212
    34.2200       216
    34.2400       188
    34.2600       168
    34.2800       172
    34.3000       192
    34.3200       172
    34.3400       168
    34.3600       146
    34.3800       104
    34.4000       126
    34.4200       132
    34.4400       102
    34.4600       118
    34.4800       110
    34.5000       114
    34.5200        92
    34.5400        94
    34.5600        92
    34.5800        96
    34.6000        84
    34.6200        92
    34.6400        78
    34.6600        78
    34.6800        68
    34.7000        62
    34.7200        76
    34.7400        68
    34.7600        72
    34.7800        64
    34.8000        46
    34.8200        44
    34.8400        72
    34.8600        62
    34.8800        60
    34.9000        44
    34.9200        56
    34.9400        48
    34.9600        54
    34.9800        40
    35.0000        48
    35.0200        58
    35.0400        52
    35.0600        44
    35.0800        52
    35.1000        38
    35.1200        52
    35.1400        48
    35.1600        56
    35.1800        48
    35.2000        40
    35.2200        36
    35.2400        42
    35.2600        36
    35.2800        34
    35.3000        42
    35.3200        50
    35.3400        26
    35.3600        50
    35.3800        42
    35.4000        40
    35.4200        34
    35.4400        38
    35.4600        32
    35.4800        36
    35.5000        32
    35.5200        26
    35.5400        42
    35.5600        36
    35.5800        44
    35.6000        44
    35.6200        38
    35.6400        36
    35.6600        42
    35.6800        40
    35.7000        40
    35.7200        34
    35.7400        44
    35.7600        38
    35.7800        42
    35.8000        32
    35.8200        34
    35.8400        48
    35.8600        46
    35.8800        42
    35.9000        38
    35.9200        48
    35.9400        48
    35.9600        34
    35.9800        48
    36.0000        36
    36.0200        40
    36.0400        42
    36.0600        56
    36.0800        44
    36.1000        46
    36.1200        32
    36.1400        42
    36.1600        50
    36.1800        42
    36.2000        40
    36.2200        32
    36.2400        40
    36.2600        40
    36.2800        44
    36.3000        36
    36.3200        42
    36.3400        36
    36.3600        30
    36.3800        34
    36.4000        34
    36.4200        48
    36.4400        44
    36.4600        34
    36.4800        40
    36.5000        42
    36.5200        42
    36.5400        58
    36.5600        40
    36.5800        48
    36.6000        50
    36.6200        52
    36.6400        38
    36.6600        48
    36.6800        42
    36.7000        50
    36.7200        36
    36.7400        40
    36.7600        36
    36.7800        36
    36.8000        36
    36.8200        26
    36.8400        30
    36.8600        38
    36.8800        34
    36.9000        34
    36.9200        32
    36.9400        24
    36.9600        36
    36.9800        40
    37.0000        42
    37.0200        52
    37.0400        36
    37.0600        48
    37.0800        36
    37.1000        44
    37.1200        48
    37.1400        64
    37.1600        52
    37.1800        64
    37.2000        52
    37.2200        70
    37.2400        78
    37.2600        88
    37.2800        86
    37.3000        80
    37.3200       100
    37.3400        98
    37.3600        82
    37.3800       120
    37.4000       108
    37.4200        94
    37.4400       100
    37.4600       112
    37.4800        98
    37.5000        96
    37.5200       114
    37.5400       108
    37.5600        90
    37.5800        92
    37.6000       116
    37.6200       102
    37.6400        98
    37.6600        92
    37.6800       102
    37.7000        96
    37.7200        90
    37.7400        84
    37.7600        78
    37.7800        76
    37.8000        66
    37.8200        66
    37.8400        38
    37.8600        38
    37.8800        60
    37.9000        40
    37.9200        58
    37.9400        38
    37.9600        44
    37.9800        46
    38.0000        38
    38.0200        40
    38.0400        42
    38.0600        38
    38.0800        48
    38.1000        54
    38.1200        28
    38.1400        36
    38.1600        38
    38.1800        38
    38.2000        48
    38.2200        42
    38.2400        50
    38.2600        34
    38.2800        42
    38.3000        46
    38.3200        44
    38.3400        50
    38.3600        54
    38.3800        52
    38.4000        58
    38.4200        62
    38.4400        56
    38.4600        64
    38.4800        84
    38.5000        76
    38.5200        64
    38.5400        72
    38.5600        72
    38.5800        78
    38.6000        80
    38.6200        76
    38.6400        84
    38.6600        78
    38.6800        68
    38.7000        78
    38.7200        64
    38.7400        64
    38.7600        56
    38.7800        62
    38.8000        64
    38.8200        58
    38.8400        70
    38.8600        48
    38.8800        68
    38.9000        70
    38.9200        72
    38.9400        68
    38.9600        84
    38.9800        78
    39.0000        66
    39.0200        96
    39.0400        68
    39.0600        90
    39.0800        80
    39.1000       110
    39.1200       102
    39.1400       124
    39.1600       126
    39.1800       164
    39.2000       176
    39.2200       178
    39.2400       238
    39.2600       258
    39.2800       284
    39.3000       374
    39.3200       380
    39.3400       416
    39.3600       374
    39.3800       386
    39.4000       402
    39.4200       368
    39.4400       400
    39.4600       346
    39.4800       312
    39.5000       292
    39.5200       270
    39.5400       252
    39.5600       244
    39.5800       212
    39.6000       204
    39.6200       198
    39.6400       160
    39.6600       158
    39.6800       134
    39.7000       120
    39.7200        98
    39.7400       108
    39.7600        94
    39.7800       100
    39.8000        64
    39.8200        58
    39.8400        74
    39.8600        56
    39.8800        78
    39.9000        68
    39.9200        56
    39.9400        58
    39.9600        46
    39.9800        50
    40.0000        42
    40.0200        48
    40.0400        50
    40.0600        38
    40.0800        60
    40.1000        42
    40.1200        42
    40.1400        34
    40.1600        38
    40.1800        30
    40.2000        44
    40.2200        38
    40.2400        42
    40.2600        50
    40.2800        46
    40.3000        44
    40.3200        54
    40.3400        42
    40.3600        52
    40.3800        42
    40.4000        44
    40.4200        68
    40.4400        54
    40.4600        58
    40.4800        66
    40.5000        46
    40.5200        56
    40.5400        58
    40.5600        58
    40.5800        40
    40.6000        56
    40.6200        48
    40.6400        56
    40.6600        50
    40.6800        46
    40.7000        40
    40.7200        50
    40.7400        46
    40.7600        40
    40.7800        52
    40.8000        48
    40.8200        44
    40.8400        58
    40.8600        56
    40.8800        64
    40.9000        52
    40.9200        68
    40.9400        72
    40.9600        62
    40.9800        76
    41.0000        66
    41.0200        68
    41.0400        86
    41.0600        90
    41.0800        84
    41.1000        74
    41.1200        70
    41.1400        62
    41.1600        74
    41.1800        68
    41.2000        68
    41.2200        58
    41.2400        64
    41.2600        66
    41.2800        52
    41.3000        58
    41.3200        64
    41.3400        44
    41.3600        66
    41.3800        66
    41.4000        66
    41.4200        82
    41.4400        76
    41.4600        70
    41.4800        72
    41.5000        72
    41.5200       100
    41.5400        82
    41.5600        76
    41.5800        78
    41.6000        88
    41.6200        80
    41.6400        98
    41.6600        84
    41.6800        94
    41.7000        58
    41.7200        70
    41.7400        58
    41.7600        64
    41.7800        52
    41.8000        60
    41.8200        48
    41.8400        58
    41.8600        50
    41.8800        44
    41.9000        56
    41.9200        42
    41.9400        48
    41.9600        52
    41.9800        46
    42.0000        42
    42.0200        40
    42.0400        52
    42.0600        44
    42.0800        52
    42.1000        40
    42.1200        64
    42.1400        48
    42.1600        34
    42.1800        38
    42.2000        52
    42.2200        52
    42.2400        28
    42.2600        36
    42.2800        34
    42.3000        36
    42.3200        32
    42.3400        32
    42.3600        38
    42.3800        34
    42.4000        34
    42.4200        42
    42.4400        30
    42.4600        32
    42.4800        30
    42.5000        32
    42.5200        34
    42.5400        32
    42.5600        38
    42.5800        28
    42.6000        26
    42.6200        30
    42.6400        22
    42.6600        30
    42.6800        24
    42.7000        20
    42.7200        32
    42.7400        24
    42.7600        28
    42.7800        32
    42.8000        22
    42.8200        34
    42.8400        24
    42.8600        36
    42.8800        32
    42.9000        24
    42.9200        26
    42.9400        28
    42.9600        34
    42.9800        24
    43.0000        22
    43.0200        34
    43.0400        22
    43.0600        26
    43.0800        32
    43.1000        26
    43.1200        22
    43.1400        30
    43.1600        32
    43.1800        32
    43.2000        38
    43.2200        26
    43.2400        28
    43.2600        26
    43.2800        28
    43.3000        28
    43.3200        26
    43.3400        30
    43.3600        32
    43.3800        26
    43.4000        34
    43.4200        32
    43.4400        24
    43.4600        42
    43.4800        30
    43.5000        30
    43.5200        32
    43.5400        38
    43.5600        46
    43.5800        36
    43.6000        30
    43.6200        38
    43.6400        36
    43.6600        40
    43.6800        36
    43.7000        30
    43.7200        34
    43.7400        30
    43.7600        48
    43.7800        34
    43.8000        38
    43.8200        30
    43.8400        34
    43.8600        44
    43.8800        38
    43.9000        46
    43.9200        46
    43.9400        42
    43.9600        38
    43.9800        44
    44.0000        44
    44.0200        60
    44.0400        42
    44.0600        46
    44.0800        52
    44.1000        54
    44.1200        66
    44.1400        46
    44.1600        48
    44.1800        50
    44.2000        56
    44.2200        48
    44.2400        48
    44.2600        46
    44.2800        56
    44.3000        52
    44.3200        54
    44.3400        48
    44.3600        40
    44.3800        56
    44.4000        46
    44.4200        56
    44.4400        46
    44.4600        50
    44.4800        42
    44.5000        56
    44.5200        44
    44.5400        58
    44.5600        60
    44.5800        52
    44.6000        48
    44.6200        38
    44.6400        52
    44.6600        52
    44.6800        60
    44.7000        64
    44.7200        62
    44.7400        44
    44.7600        60
    44.7800        60
    44.8000        64
    44.8200        70
    44.8400        50
    44.8600        74
    44.8800        58
    44.9000        62
    44.9200        62
    44.9400        52
    44.9600        74
    44.9800        58
    45.0000        76
    45.0200        64
    45.0400        68
    45.0600        66
    45.0800        80
    45.1000        80
    45.1200        54
    45.1400        62
    45.1600        68
    45.1800        78
    45.2000        54
    45.2200        60
    45.2400        72
    45.2600        58
    45.2800        54
    45.3000        54
    45.3200        52
    45.3400        56
    45.3600        56
    45.3800        54
    45.4000        54
    45.4200        46
    45.4400        54
    45.4600        46
    45.4800        48
    45.5000        62
    45.5200        40
    45.5400        44
    45.5600        42
    45.5800        52
    45.6000        38
    45.6200        54
    45.6400        36
    45.6600        38
    45.6800        50
    45.7000        46
    45.7200        66
    45.7400        54
    45.7600        42
    45.7800        36
    45.8000        44
    45.8200        40
    45.8400        38
    45.8600        40
    45.8800        40
    45.9000        46
    45.9200        36
    45.9400        36
    45.9600        36
    45.9800        52
    46.0000        32
    46.0200        38
    46.0400        42
    46.0600        42
    46.0800        50
    46.1000        54
    46.1200        50
    46.1400        66
    46.1600        52
    46.1800        58
    46.2000        74
    46.2200        50
    46.2400        58
    46.2600        74
    46.2800        68
    46.3000        74
    46.3200        70
    46.3400        54
    46.3600        74
    46.3800        62
    46.4000        64
    46.4200        68
    46.4400        64
    46.4600        56
    46.4800        48
    46.5000        54
    46.5200        42
    46.5400        54
    46.5600        38
    46.5800        48
    46.6000        40
    46.6200        28
    46.6400        34
    46.6600        42
    46.6800        34
    46.7000        36
    46.7200        36
    46.7400        28
    46.7600        38
    46.7800        44
    46.8000        36
    46.8200        34
    46.8400        30
    46.8600        36
    46.8800        46
    46.9000        32
    46.9200        48
    46.9400        36
    46.9600        36
    46.9800        46
    47.0000        56
    47.0200        40
    47.0400        44
    47.0600        46
    47.0800        40
    47.1000        32
    47.1200        40
    47.1400        44
    47.1600        32
    47.1800        46
    47.2000        46
    47.2200        38
    47.2400        40
    47.2600        40
    47.2800        40
    47.3000        32
    47.3200        36
    47.3400        34
    47.3600        52
    47.3800        48
    47.4000        56
    47.4200        42
    47.4400        56
    47.4600        64
    47.4800        60
    47.5000        66
    47.5200        64
    47.5400        66
    47.5600        64
    47.5800        78
    47.6000        64
    47.6200        80
    47.6400        72
    47.6600        76
    47.6800        78
    47.7000        82
    47.7200        76
    47.7400        78
    47.7600        92
    47.7800        84
    47.8000        96
    47.8200        90
    47.8400        76
    47.8600        90
    47.8800        96
    47.9000        70
    47.9200        74
    47.9400        88
    47.9600        74
    47.9800        92
    48.0000        82
    48.0200        86
    48.0400        70
    48.0600        70
    48.0800        82
    48.1000        72
    48.1200        72
    48.1400        66
    48.1600        58
    48.1800        56
    48.2000        50
    48.2200        66
    48.2400        62
    48.2600        54
    48.2800        64
    48.3000        56
    48.3200        70
    48.3400        64
    48.3600        64
    48.3800        62
    48.4000        76
    48.4200        66
    48.4400        70
    48.4600        98
    48.4800        86
    48.5000       100
    48.5200        82
    48.5400       118
    48.5600       120
    48.5800       162
    48.6000       174
    48.6200       212
    48.6400       282
    48.6600       268
    48.6800       342
    48.7000       372
    48.7200       390
    48.7400       410
    48.7600       376
    48.7800       300
    48.8000       294
    48.8200       252
    48.8400       232
    48.8600       216
    48.8800       168
    48.9000       140
    48.9200       152
    48.9400       104
    48.9600       100
    48.9800        86
    49.0000        72
    49.0200        48
    49.0400        62
    49.0600        58
    49.0800        56
    49.1000        40
    49.1200        32
    49.1400        32
    49.1600        42
    49.1800        40
    49.2000        44
    49.2200        30
    49.2400        36
    49.2600        42
    49.2800        42
    49.3000        42
    49.3200        30
    49.3400        38
    49.3600        38
    49.3800        34
    49.4000        32
    49.4200        40
    49.4400        32
    49.4600        40
    49.4800        42
    49.5000        44
    49.5200        44
    49.5400        32
    49.5600        30
    49.5800        48
    49.6000        38
    49.6200        32
    49.6400        34
    49.6600        44
    49.6800        34
    49.7000        30
    49.7200        42
    49.7400        44
    49.7600        34
    49.7800        30
    49.8000        28
    49.8200        38
    49.8400        36
    49.8600        24
    49.8800        44
    49.9000        32
    49.9200        20
    49.9400        32
    49.9600        42
    49.9800        38
    50.0000        30
    50.0200        32
    50.0400        34
    50.0600        30
    50.0800        34
    50.1000        34
    50.1200        30
    50.1400        42
    50.1600        30
    50.1800        32
    50.2000        34
    50.2200        32
    50.2400        22
    50.2600        22
    50.2800        38
    50.3000        38
    50.3200        32
    50.3400        34
    50.3600        42
    50.3800        28
    50.4000        26
    50.4200        34
    50.4400        34
    50.4600        38
    50.4800        40
    50.5000        30
    50.5200        38
    50.5400        40
    50.5600        40
    50.5800        34
    50.6000        30
    50.6200        26
    50.6400        40
    50.6600        32
    50.6800        48
    50.7000        24
    50.7200        32
    50.7400        24
    50.7600        36
    50.7800        36
    50.8000        32
    50.8200        30
    50.8400        36
    50.8600        32
    50.8800        30
    50.9000        30
    50.9200        28
    50.9400        34
    50.9600        22
    50.9800        28
    51.0000        22
    51.0200        22
    51.0400        20
    51.0600        28
    51.0800        34
    51.1000        28
    51.1200        26
    51.1400        22
    51.1600        18
    51.1800        26
    51.2000        16
    51.2200        30
    51.2400        34
    51.2600        30
    51.2800        26
    51.3000        30
    51.3200        24
    51.3400        26
    51.3600        36
    51.3800        32
    51.4000        28
    51.4200        24
    51.4400        36
    51.4600        30
    51.4800        38
    51.5000        32
    51.5200        32
    51.5400        26
    51.5600        28
    51.5800        32
    51.6000        22
    51.6200        22
    51.6400        22
    51.6600        34
    51.6800        36
    51.7000        38
    51.7200        52
    51.7400        38
    51.7600        48
    51.7800        38
    51.8000        48
    51.8200        42
    51.8400        44
    51.8600        50
    51.8800        38
    51.9000        30
    51.9200        44
    51.9400        42
    51.9600        50
    51.9800        44
    52.0000        50
    52.0200        38
    52.0400        44
    52.0600        46
    52.0800        46
    52.1000        54
    52.1200        54
    52.1400        46
    52.1600        56
    52.1800        50
    52.2000        44
    52.2200        54
    52.2400        56
    52.2600        62
    52.2800        70
    52.3000        54
    52.3200        66
    52.3400        54
    52.3600        68
    52.3800        58
    52.4000        64
    52.4200        58
    52.4400        52
    52.4600        66
    52.4800        54
    52.5000        60
    52.5200        58
    52.5400        46
    52.5600        52
    52.5800        44
    52.6000        50
    52.6200        44
    52.6400        52
    52.6600        48
    52.6800        44
    52.7000        44
    52.7200        60
    52.7400        56
    52.7600        52
    52.7800        40
    52.8000        46
    52.8200        64
    52.8400        60
    52.8600        50
    52.8800        58
    52.9000        50
    52.9200        42
    52.9400        52
    52.9600        62
    52.9800        82
    53.0000        58
    53.0200        76
    53.0400        62
    53.0600        82
    53.0800        66
    53.1000        88
    53.1200        78
    53.1400        94
    53.1600       108
    53.1800        80
    53.2000       100
    53.2200        76
    53.2400        94
    53.2600        94
    53.2800        94
    53.3000        96
    53.3200        74
    53.3400        80
    53.3600        70
    53.3800        76
    53.4000        70
    53.4200        82
    53.4400        82
    53.4600        52
    53.4800        62
    53.5000        52
    53.5200        56
    53.5400        60
    53.5600        50
    53.5800        46
    53.6000        42
    53.6200        50
    53.6400        48
    53.6600        42
    53.6800        50
    53.7000        36
    53.7200        44
    53.7400        60
    53.7600        38
    53.7800        48
    53.8000        42
    53.8200        44
    53.8400        52
    53.8600        44
    53.8800        40
    53.9000        38
    53.9200        50
    53.9400        34
    53.9600        50
    53.9800        34
    54.0000        44
    54.0200        56
    54.0400        48
    54.0600        54
    54.0800        54
    54.1000        36
    54.1200        34
    54.1400        44
    54.1600        44
    54.1800        42
    54.2000        36
    54.2200        38
    54.2400        28
    54.2600        34
    54.2800        38
    54.3000        40
    54.3200        36
    54.3400        36
    54.3600        24
    54.3800        28
    54.4000        24
    54.4200        30
    54.4400        32
    54.4600        30
    54.4800        30
    54.5000        34
    54.5200        20
    54.5400        22
    54.5600        34
    54.5800        28
    54.6000        30
    54.6200        34
    54.6400        24
    54.6600        30
    54.6800        18
    54.7000        26
    54.7200        20
    54.7400        22
    54.7600        32
    54.7800        24
    54.8000        22
    54.8200        30
    54.8400        24
    54.8600        28
    54.8800        22
    54.9000        38
    54.9200        30
    54.9400        32
    54.9600        24
    54.9800        28
    55.0000        34
    55.0200        20
    55.0400        36
    55.0600        26
    55.0800        34
    55.1000        34
    55.1200        24
    55.1400        42
    55.1600        22
    55.1800        36
    55.2000        18
    55.2200        26
    55.2400        34
    55.2600        38
    55.2800        30
    55.3000        32
    55.3200        20
    55.3400        28
    55.3600        42
    55.3800        32
    55.4000        44
    55.4200        42
    55.4400        30
    55.4600        30
    55.4800        24
    55.5000        30
    55.5200        30
    55.5400        34
    55.5600        46
    55.5800        34
    55.6000        28
    55.6200        34
    55.6400        40
    55.6600        42
    55.6800        46
    55.7000        42
    55.7200        44
    55.7400        54
    55.7600        40
    55.7800        58
    55.8000        52
    55.8200        42
    55.8400        54
    55.8600        38
    55.8800        50
    55.9000        54
    55.9200        38
    55.9400        42
    55.9600        50
    55.9800        40
    56.0000        42
    56.0200        46
    56.0400        50
    56.0600        36
    56.0800        34
    56.1000        52
    56.1200        44
    56.1400        46
    56.1600        40
    56.1800        42
    56.2000        54
    56.2200        58
    56.2400        64
    56.2600        72
    56.2800        60
    56.3000        58
    56.3200        58
    56.3400        66
    56.3600        60
    56.3800        66
    56.4000        72
    56.4200        70
    56.4400        56
    56.4600        54
    56.4800        68
    56.5000        76
    56.5200        80
    56.5400        50
    56.5600        64
    56.5800        64
    56.6000        74
    56.6200        74
    56.6400        70
    56.6600        68
    56.6800        68
    56.7000        64
    56.7200        66
    56.7400        86
    56.7600        80
    56.7800        84
    56.8000       104
    56.8200        98
    56.8400       126
    56.8600       116
    56.8800       116
    56.9000       136
    56.9200       120
    56.9400       116
    56.9600        96
    56.9800        96
    57.0000       108
    57.0200       100
    57.0400        94
    57.0600        74
    57.0800        86
    57.1000        76
    57.1200        66
    57.1400        54
    57.1600        58
    57.1800        42
    57.2000        42
    57.2200        42
    57.2400        46
    57.2600        40
    57.2800        38
    57.3000        36
    57.3200        36
    57.3400        32
    57.3600        38
    57.3800        28
    57.4000        38
    57.4200        24
    57.4400        30
    57.4600        36
    57.4800        30
    57.5000        46
    57.5200        24
    57.5400        24
    57.5600        32
    57.5800        26
    57.6000        38
    57.6200        44
    57.6400        44
    57.6600        40
    57.6800        38
    57.7000        38
    57.7200        34
    57.7400        34
    57.7600        40
    57.7800        38
    57.8000        40
    57.8200        28
    57.8400        40
    57.8600        22
    57.8800        38
    57.9000        32
    57.9200        18
    57.9400        22
    57.9600        28
    57.9800        32
    58.0000        30
    58.0200        32
    58.0400        40
    58.0600        26
    58.0800        32
    58.1000        32
    58.1200        38
    58.1400        32
    58.1600        30
    58.1800        26
    58.2000        32
    58.2200        38
    58.2400        30
    58.2600        44
    58.2800        38
    58.3000        32
    58.3200        24
    58.3400        20
    58.3600        28
    58.3800        26
    58.4000        32
    58.4200        28
    58.4400        30
    58.4600        26
    58.4800        28
    58.5000        24
    58.5200        36
    58.5400        26
    58.5600        26
    58.5800        22
    58.6000        26
    58.6200        28
    58.6400        30
    58.6600        32
    58.6800        32
    58.7000        22
    58.7200        36
    58.7400        28
    58.7600        30
    58.7800        28
    58.8000        22
    58.8200        36
    58.8400        32
    58.8600        34
    58.8800        32
    58.9000        22
    58.9200        22
    58.9400        38
    58.9600        32
    58.9800        30
    59.0000        34
    59.0200        34
    59.0400        26
    59.0600        42
    59.0800        24
    59.1000        32
    59.1200        32
    59.1400        42
    59.1600        26
    59.1800        30
    59.2000        30
    59.2200        34
    59.2400        44
    59.2600        44
    59.2800        30
    59.3000        32
    59.3200        34
    59.3400        38
    59.3600        30
    59.3800        38
    59.4000        38
    59.4200        40
    59.4400        40
    59.4600        34
    59.4800        26
    59.5000        46
    59.5200        36
    59.5400        40
    59.5600        38
    59.5800        32
    59.6000        32
    59.6200        36
    59.6400        38
    59.6600        34
    59.6800        30
    59.7000        40
    59.7200        24
    59.7400        26
    59.7600        30
    59.7800        36
    59.8000        36
    59.8200        36
    59.8400        48
    59.8600        40
    59.8800        38
    59.9000        24
    59.9200        26
    59.9400        44
    59.9600        34
    59.9800        36
    60.0000        26
    60.0200        40
    60.0400        32
    60.0600        34
    60.0800        38
    60.1000        40
    60.1200        36
    60.1400        32
    60.1600        32
    60.1800        32
    60.2000        44
    60.2200        32
    60.2400        42
    60.2600        40
    60.2800        54
    60.3000        50
    60.3200        38
    60.3400        46
    60.3600        50
    60.3800        34
    60.4000        44
    60.4200        42
    60.4400        44
    60.4600        52
    60.4800        38
    60.5000        42
    60.5200        32
    60.5400        42
    60.5600        46
    60.5800        48
    60.6000        42
    60.6200        44
    60.6400        44
    60.6600        36
    60.6800        46
    60.7000        46
    60.7200        30
    60.7400        40
    60.7600        36
    60.7800        34
    60.8000        30
    60.8200        38
    60.8400        30
    60.8600        26
    60.8800        22
    60.9000        34
    60.9200        50
    60.9400        30
    60.9600        50
    60.9800        34
    61.0000        46
    61.0200        42
    61.0400        56
    61.0600        30
    61.0800        40
    61.1000        36
    61.1200        38
    61.1400        48
    61.1600        34
    61.1800        42
    61.2000        42
    61.2200        52
    61.2400        42
    61.2600        40
    61.2800        40
    61.3000        46
    61.3200        46
    61.3400        52
    61.3600        48
    61.3800        54
    61.4000        52
    61.4200        50
    61.4400        60
    61.4600        64
    61.4800        54
    61.5000        62
    61.5200        48
    61.5400        48
    61.5600        46
    61.5800        50
    61.6000        44
    61.6200        46
    61.6400        50
    61.6600        28
    61.6800        50
    61.7000        52
    61.7200        46
    61.7400        46
    61.7600        42
    61.7800        42
    61.8000        42
    61.8200        40
    61.8400        36
    61.8600        40
    61.8800        26
    61.9000        38
    61.9200        30
    61.9400        48
    61.9600        44
    61.9800        26
    62.0000        26
    62.0200        26
    62.0400        34
    62.0600        32
    62.0800        36
    62.1000        30
    62.1200        34
    62.1400        44
    62.1600        28
    62.1800        44
    62.2000        24
    62.2200        34
    62.2400        40
    62.2600        30
    62.2800        30
    62.3000        32
    62.3200        40
    62.3400        34
    62.3600        52
    62.3800        38
    62.4000        30
    62.4200        34
    62.4400        24
    62.4600        30
    62.4800        26
    62.5000        36
    62.5200        38
    62.5400        38
    62.5600        34
    62.5800        34
    62.6000        34
    62.6200        32
    62.6400        30
    62.6600        40
    62.6800        38
    62.7000        38
    62.7200        38
    62.7400        28
    62.7600        32
    62.7800        30
    62.8000        42
    62.8200        32
    62.8400        22
    62.8600        28
    62.8800        26
    62.9000        34
    62.9200        26
    62.9400        48
    62.9600        42
    62.9800        32
    63.0000        34
    63.0200        36
    63.0400        42
    63.0600        42
    63.0800        42
    63.1000        38
    63.1200        36
    63.1400        28
    63.1600        50
    63.1800        36
    63.2000        36
    63.2200        46
    63.2400        44
    63.2600        30
    63.2800        42
    63.3000        48
    63.3200        56
    63.3400        50
    63.3600        50
    63.3800        54
    63.4000        48
    63.4200        50
    63.4400        52
    63.4600        52
    63.4800        60
    63.5000        48
    63.5200        48
    63.5400        56
    63.5600        52
    63.5800        70
    63.6000        70
    63.6200        74
    63.6400        80
    63.6600        64
    63.6800        74
    63.7000        86
    63.7200        86
    63.7400        80
    63.7600        70
    63.7800        76
    63.8000        52
    63.8200        72
    63.8400        76
    63.8600        82
    63.8800        50
    63.9000        64
    63.9200        82
    63.9400        76
    63.9600        74
    63.9800        64
    64.0000        62
    64.0200        78
    64.0400        60
    64.0600        60
    64.0800        50
    64.1000        58
    64.1200        68
    64.1400        70
    64.1600        68
    64.1800        86
    64.2000        66
    64.2200        70
    64.2400        90
    64.2600        90
    64.2800       110
    64.3000       120
    64.3200       122
    64.3400       166
    64.3600       140
    64.3800       152
    64.4000       156
    64.4200       130
    64.4400       122
    64.4600       104
    64.4800       104
    64.5000       102
    64.5200       104
    64.5400       114
    64.5600        86
    64.5800        90
    64.6000        84
    64.6200        84
    64.6400        68
    64.6600        74
    64.6800        54
    64.7000        58
    64.7200        50
    64.7400        52
    64.7600        42
    64.7800        50
    64.8000        38
    64.8200        42
    64.8400        38
    64.8600        38
    64.8800        42
    64.9000        36
    64.9200        40
    64.9400        36
    64.9600        36
    64.9800        34
    65.0000        36
    65.0200        28
    65.0400        36
    65.0600        40
    65.0800        30
    65.1000        32
    65.1200        38
    65.1400        34
    65.1600        42
    65.1800        30
    65.2000        46
    65.2200        28
    65.2400        26
    65.2600        44
    65.2800        34
    65.3000        28
    65.3200        22
    65.3400        38
    65.3600        34
    65.3800        26
    65.4000        36
    65.4200        26
    65.4400        32
    65.4600        32
    65.4800        24
    65.5000        34
    65.5200        30
    65.5400        24
    65.5600        44
    65.5800        36
    65.6000        28
    65.6200        34
    65.6400        22
    65.6600        26
    65.6800        34
    65.7000        36
    65.7200        30
    65.7400        30
    65.7600        36
    65.7800        32
    65.8000        28
    65.8200        24
    65.8400        28
    65.8600        24
    65.8800        36
    65.9000        36
    65.9200        42
    65.9400        30
    65.9600        38
    65.9800        22
    66.0000        40
    66.0200        36
    66.0400        36
    66.0600        36
    66.0800        32
    66.1000        44
    66.1200        28
    66.1400        46
    66.1600        32
    66.1800        52
    66.2000        40
    66.2200        48
    66.2400        44
    66.2600        36
    66.2800        42
    66.3000        42
    66.3200        42
    66.3400        36
    66.3600        30
    66.3800        38
    66.4000        26
    66.4200        34
    66.4400        38
    66.4600        40
    66.4800        48
    66.5000        42
    66.5200        44
    66.5400        46
    66.5600        44
    66.5800        44
    66.6000        38
    66.6200        56
    66.6400        38
    66.6600        48
    66.6800        54
    66.7000        48
    66.7200        54
    66.7400        44
    66.7600        52
    66.7800        46
    66.8000        64
    66.8200        66
    66.8400        52
    66.8600        60
    66.8800        60
    66.9000        62
    66.9200        50
    66.9400        54
    66.9600        64
    66.9800        62
    67.0000        44
    67.0200        50
    67.0400        50
    67.0600        64
    67.0800        62
    67.1000        78
    67.1200        64
    67.1400        68
    67.1600        64
    67.1800        74
    67.2000        52
    67.2200        52
    67.2400        68
    67.2600        64
    67.2800        66
    67.3000        72
    67.3200        68
    67.3400        58
    67.3600        76
    67.3800        62
    67.4000        68
    67.4200        80
    67.4400        64
    67.4600        68
    67.4800        64
    67.5000       100
    67.5200        82
    67.5400        80
    67.5600        92
    67.5800        80
    67.6000        80
    67.6200        72
    67.6400        84
    67.6600        80
    67.6800        84
    67.7000        80
    67.7200        72
    67.7400        72
    67.7600        74
    67.7800        54
    67.8000        58
    67.8200        74
    67.8400        78
    67.8600        58
    67.8800        72
    67.9000        60
    67.9200        60
    67.9400        82
    67.9600        56
    67.9800        68
    68.0000        78
    68.0200        66
    68.0400        68
    68.0600        72
    68.0800        64
    68.1000        78
    68.1200        64
    68.1400        60
    68.1600        76
    68.1800        82
    68.2000        60
    68.2200        66
    68.2400        66
    68.2600        66
    68.2800        64
    68.3000        64
    68.3200        66
    68.3400        42
    68.3600        54
    68.3800        54
    68.4000        60
    68.4200        58
    68.4400        54
    68.4600        52
    68.4800        58
    68.5000        60
    68.5200        40
    68.5400        48
    68.5600        46
    68.5800        68
    68.6000        50
    68.6200        42
    68.6400        36
    68.6600        62
    68.6800        58
    68.7000        58
    68.7200        34
    68.7400        48
    68.7600        40
    68.7800        48
    68.8000        36
    68.8200        36
    68.8400        42
    68.8600        40
    68.8800        28
    68.9000        38
    68.9200        56
    68.9400        32
    68.9600        40
    68.9800        34
    69.0000        40
    69.0200        42
    69.0400        28
    69.0600        34
    69.0800        32
    69.1000        46
    69.1200        38
    69.1400        36
    69.1600        22
    69.1800        26
    69.2000        42
    69.2200        34
    69.2400        38
    69.2600        36
    69.2800        34
    69.3000        22
    69.3200        42
    69.3400        42
    69.3600        32
    69.3800        28
    69.4000        42
    69.4200        32
    69.4400        40
    69.4600        30
    69.4800        36
    69.5000        32
    69.5200        38
    69.5400        34
    69.5600        36
    69.5800        24
    69.6000        30
    69.6200        36
    69.6400        34
    69.6600        34
    69.6800        36
    69.7000        38
    69.7200        34
    69.7400        36
    69.7600        32
    69.7800        44
    69.8000        26
    69.8200        52
    69.8400        32
    69.8600        36
    69.8800        32
    69.9000        30
    69.9200        32
    69.9400        34
    69.9600        40
    69.9800        28
    70.0000        24
    70.0200        26
    70.0400        40
    70.0600        32
    70.0800        30
    70.1000        32
    70.1200        38
    70.1400        36
    70.1600        30
    70.1800        28
    70.2000        46
    70.2200        32
    70.2400        46
    70.2600        28
    70.2800        26
    70.3000        30
    70.3200        20
    70.3400        44
    70.3600        22
    70.3800        40
    70.4000        26
    70.4200        28
    70.4400        30
    70.4600        24
    70.4800        46
    70.5000        32
    70.5200        36
    70.5400        32
    70.5600        30
    70.5800        34
    70.6000        34
    70.6200        40
    70.6400        24
    70.6600        34
    70.6800        32
    70.7000        16
    70.7200        28
    70.7400        46
    70.7600        26
    70.7800        38
    70.8000        24
    70.8200        44
    70.8400        30
    70.8600        30
    70.8800        34
    70.9000        26
    70.9200        30
    70.9400        30
    70.9600        42
    70.9800        36
    71.0000        36
    71.0200        38
    71.0400        40
    71.0600        34
    71.0800        28
    71.1000        44
    71.1200        40
    71.1400        42
    71.1600        36
    71.1800        36
    71.2000        46
    71.2200        44
    71.2400        44
    71.2600        36
    71.2800        48
    71.3000        52
    71.3200        58
    71.3400        74
    71.3600        68
    71.3800        72
    71.4000        80
    71.4200        72
    71.4400        70
    71.4600        66
    71.4800        60
    71.5000        70
    71.5200        66
    71.5400        68
    71.5600        76
    71.5800        60
    71.6000        74
    71.6200        52
    71.6400        54
    71.6600        72
    71.6800        60
    71.7000        62
    71.7200        72
    71.7400        66
    71.7600        58
    71.7800        48
    71.8000        54
    71.8200        58
    71.8400        62
    71.8600        56
    71.8800        62
    71.9000        42
    71.9200        40
    71.9400        52
    71.9600        48
    71.9800        40
    72.0000        58
    72.0200        50
    72.0400        46
    72.0600        50
    72.0800        46
    72.1000        42
    72.1200        40
    72.1400        38
    72.1600        36
    72.1800        48
    72.2000        46
    72.2200        34
    72.2400        42
    72.2600        38
    72.2800        38
    72.3000        30
    72.3200        38
    72.3400        42
    72.3600        46
    72.3800        36
    72.4000        38
    72.4200        36
    72.4400        28
    72.4600        34
    72.4800        48
    72.5000        42
    72.5200        46
    72.5400        24
    72.5600        36
    72.5800        28
    72.6000        30
    72.6200        40
    72.6400        24
    72.6600        28
    72.6800        24
    72.7000        36
    72.7200        26
    72.7400        42
    72.7600        32
    72.7800        38
    72.8000        32
    72.8200        42
    72.8400        34
    72.8600        36
    72.8800        28
    72.9000        34
    72.9200        34
    72.9400        44
    72.9600        20
    72.9800        32
    73.0000        28
    73.0200        34
    73.0400        32
    73.0600        38
    73.0800        32
    73.1000        22
    73.1200        32
    73.1400        30
    73.1600        30
    73.1800        34
    73.2000        22
    73.2200        34
    73.2400        38
    73.2600        32
    73.2800        38
    73.3000        32
    73.3200        44
    73.3400        36
    73.3600        32
    73.3800        32
    73.4000        34
    73.4200        38
    73.4400        32
    73.4600        42
    73.4800        32
    73.5000        34
    73.5200        26
    73.5400        28
    73.5600        20
    73.5800        26
    73.6000        32
    73.6200        28
    73.6400        32
    73.6600        24
    73.6800        26
    73.7000        30
    73.7200        20
    73.7400        20
    73.7600        24
    73.7800        38
    73.8000        34
    73.8200        16
    73.8400        42
    73.8600        38
    73.8800        22
    73.9000        24
    73.9200        20
    73.9400        24
    73.9600        22
    73.9800        28
    74.0000        18
    74.0200        30
    74.0400        22
    74.0600        30
    74.0800        34
    74.1000        26
    74.1200        20
    74.1400        22
    74.1600        32
    74.1800        34
    74.2000        22
    74.2200        26
    74.2400        22
    74.2600        30
    74.2800        26
    74.3000        30
    74.3200        28
    74.3400        30
    74.3600        44
    74.3800        16
    74.4000        24
    74.4200        22
    74.4400        26
    74.4600        24
    74.4800        36
    74.5000        30
    74.5200        38
    74.5400        24
    74.5600        24
    74.5800        22
    74.6000        26
    74.6200        26
    74.6400        24
    74.6600        28
    74.6800        24
    74.7000        34
    74.7200        26
    74.7400        32
    74.7600        30
    74.7800        20
    74.8000        32
    74.8200        34
    74.8400        36
    74.8600        38
    74.8800        26
    74.9000        36
    74.9200        34
    74.9400        24
    74.9600        20
    74.9800        40
    75.0000        42
    75.0200        28
    75.0400        22
    75.0600        28
    75.0800        24
    75.1000        32
    75.1200        36
    75.1400        28
    75.1600        40
    75.1800        30
    75.2000        32
    75.2200        42
    75.2400        32
    75.2600        34
    75.2800        38
    75.3000        36
    75.3200        36
    75.3400        36
    75.3600        34
    75.3800        36
    75.4000        32
    75.4200        32
    75.4400        40
    75.4600        28
    75.4800        34
    75.5000        34
    75.5200        34
    75.5400        28
    75.5600        32
    75.5800        38
    75.6000        40
    75.6200        36
    75.6400        44
    75.6600        28
    75.6800        30
    75.7000        32
    75.7200        22
    75.7400        40
    75.7600        34
    75.7800        36
    75.8000        34
    75.8200        44
    75.8400        34
    75.8600        38
    75.8800        30
    75.9000        30
    75.9200        48
    75.9400        34
    75.9600        26
    75.9800        24
    76.0000        26
    76.0200        34
    76.0400        32
    76.0600        32
    76.0800        22
    76.1000        30
    76.1200        22
    76.1400        28
    76.1600        38
    76.1800        34
    76.2000        32
    76.2200        32
    76.2400        26
    76.2600        32
    76.2800        30
    76.3000        28
    76.3200        30
    76.3400        32
    76.3600        36
    76.3800        28
    76.4000        28
    76.4200        18
    76.4400        30
    76.4600        38
    76.4800        34
    76.5000        32
    76.5200        30
    76.5400        30
    76.5600        32
    76.5800        38
    76.6000        38
    76.6200        16
    76.6400        26
    76.6600        30
    76.6800        24
    76.7000        28
    76.7200        22
    76.7400        24
    76.7600        34
    76.7800        36
    76.8000        24
    76.8200        26
    76.8400        28
    76.8600        32
    76.8800        26
    76.9000        32
    76.9200        28
    76.9400        32
    76.9600        28
    76.9800        26
    77.0000        26
    77.0200        22
    77.0400        20
    77.0600        24
    77.0800        34
    77.1000        32
    77.1200        38
    77.1400        32
    77.1600        36
    77.1800        34
    77.2000        34
    77.2200        32
    77.2400        36
    77.2600        26
    77.2800        36
    77.3000        28
    77.3200        30
    77.3400        20
    77.3600        32
    77.3800        20
    77.4000        26
    77.4200        24
    77.4400        22
    77.4600        28
    77.4800        34
    77.5000        24
    77.5200        46
    77.5400        30
    77.5600        26
    77.5800        22
    77.6000        22
    77.6200        34
    77.6400        30
    77.6600        26
    77.6800        32
    77.7000        26
    77.7200        14
    77.7400        32
    77.7600        34
    77.7800        24
    77.8000        30
    77.8200        44
    77.8400        38
    77.8600        42
    77.8800        42
    77.9000        32
    77.9200        36
    77.9400        36
    77.9600        36
    77.9800        44
    78.0000        48
    78.0200        56
    78.0400        64
    78.0600        80
    78.0800        86
    78.1000        90
    78.1200        94
    78.1400       110
    78.1600        96
    78.1800       108
    78.2000        96
    78.2200        98
    78.2400        84
    78.2600        86
    78.2800        88
    78.3000        70
    78.3200        76
    78.3400        80
    78.3600        86
    78.3800        76
    78.4000        86
    78.4200        62
    78.4400        56
    78.4600        50
    78.4800        64
    78.5000        50
    78.5200        58
    78.5400        48
    78.5600        38
    78.5800        38
    78.6000        32
    78.6200        32
    78.6400        30
    78.6600        26
    78.6800        34
    78.7000        36
    78.7200        22
    78.7400        22
    78.7600        30
    78.7800        28
    78.8000        28
    78.8200        26
    78.8400        24
    78.8600        18
    78.8800        18
    78.9000        16
    78.9200        26
    78.9400        22
    78.9600        24
    78.9800        16
    79.0000        30
    79.0200        16
    79.0400        20
    79.0600        20
    79.0800        22
    79.1000        26
    79.1200        20
    79.1400        26
    79.1600        32
    79.1800        22
    79.2000        26
    79.2200        22
    79.2400        18
    79.2600        14
    79.2800        20
    79.3000        14
    79.3200        16
    79.3400        12
    79.3600        20
    79.3800        24
    79.4000        26
    79.4200        16
    79.4400        28
    79.4600        22
    79.4800        24
    79.5000        16
    79.5200        26
    79.5400        18
    79.5600        26
    79.5800        26
    79.6000        32
    79.6200        18
    79.6400        18
    79.6600        20
    79.6800        20
    79.7000        18
    79.7200        24
    79.7400        20
    79.7600        18
    79.7800        26
    79.8000        26
    79.8200        22
    79.8400        28
    79.8600        28
    79.8800        28
    79.9000        22
    79.9200        24
    79.9400        28
    79.9600        20
    79.9800        24
    80.0000        22
