    10.0000        96
    10.0200       136
    10.0400        96
    10.0600       122
    10.0800       112
    10.1000        92
    10.1200       102
    10.1400       100
    10.1600        98
    10.1800       118
    10.2000       112
    10.2200        94
    10.2400        90
    10.2600       100
    10.2800        90
    10.3000       114
    10.3200       102
    10.3400        76
    10.3600       100
    10.3800       110
    10.4000        80
    10.4200       106
    10.4400       102
    10.4600        98
    10.4800        92
    10.5000        76
    10.5200        88
    10.5400        74
    10.5600        84
    10.5800        90
    10.6000        68
    10.6200        80
    10.6400       110
    10.6600        96
    10.6800        86
    10.7000        72
    10.7200        96
    10.7400        90
    10.7600        72
    10.7800        84
    10.8000        86
    10.8200        92
    10.8400        76
    10.8600        88
    10.8800        74
    10.9000       110
    10.9200        86
    10.9400        94
    10.9600        88
    10.9800        80
    11.0000        94
    11.0200        86
    11.0400        90
    11.0600        70
    11.0800        84
    11.1000        96
    11.1200        94
    11.1400       100
    11.1600       102
    11.1800       100
    11.2000        86
    11.2200       100
    11.2400        86
    11.2600        94
    11.2800        80
    11.3000        74
    11.3200        96
    11.3400        78
    11.3600        88
    11.3800        92
    11.4000        86
    11.4200        72
    11.4400        94
    11.4600        66
    11.4800        86
    11.5000        78
    11.5200        74
    11.5400        90
    11.5600        72
    11.5800        86
    11.6000        92
    11.6200        96
    11.6400        82
    11.6600        90
    11.6800        84
    11.7000        78
    11.7200        70
    11.7400        80
    11.7600        82
    11.7800        86
    11.8000        80
    11.8200        78
    11.8400        92
    11.8600        64
    11.8800        76
    11.9000        88
    11.9200        72
    11.9400        68
    11.9600        66
    11.9800       100
    12.0000        68
    12.0200        74
    12.0400        86
    12.0600        82
    12.0800       106
    12.1000        76
    12.1200        92
    12.1400        94
    12.1600        78
    12.1800       104
    12.2000        90
    12.2200        90
    12.2400        90
    12.2600       104
    12.2800        88
    12.3000        90
    12.3200        82
    12.3400       102
    12.3600       106
    12.3800       110
    12.4000       114
    12.4200       132
    12.4400       120
    12.4600       120
    12.4800       132
    12.5000       158
    12.5200       168
    12.5400       148
    12.5600       176
    12.5800       176
    12.6000       202
    12.6200       190
    12.6400       162
    12.6600       146
    12.6800       116
    12.7000        98
    12.7200       106
    12.7400        98
    12.7600       100
    12.7800       112
    12.8000        98
    12.8200        80
    12.8400       120
    12.8600       108
    12.8800       122
    12.9000       124
    12.9200       136
    12.9400       170
    12.9600       166
    12.9800       158
    13.0000       168
    13.0200       136
    13.0400       126
    13.0600        88
    13.0800        76
    13.1000        86
    13.1200        98
    13.1400        76
    13.1600        92
    13.1800        74
    13.2000        78
    13.2200        62
    13.2400        60
    13.2600        76
    13.2800        74
    13.3000        64
    13.3200        66
    13.3400        94
    13.3600        76
    13.3800        64
    13.4000        54
    13.4200        56
    13.4400        60
    13.4600        58
    13.4800        76
    13.5000        80
    13.5200        66
    13.5400        60
    13.5600        48
    13.5800        74
    13.6000        58
    13.6200        60
    13.6400        58
    13.6600        72
    13.6800        80
    13.7000        72
    13.7200        64
    13.7400        64
    13.7600        70
    13.7800        62
    13.8000        66
    13.8200        68
    13.8400        60
    13.8600        68
    13.8800        58
    13.9000        52
    13.9200        56
    13.9400        64
    13.9600        60
    13.9800        66
    14.0000        60
    14.0200        54
    14.0400        64
    14.0600        52
    14.0800        60
    14.1000        54
    14.1200        58
    14.1400        58
    14.1600        50
    14.1800        62
    14.2000        50
    14.2200        56
    14.2400        60
    14.2600        58
    14.2800        60
    14.3000        64
    14.3200        56
    14.3400        62
    14.3600        62
    14.3800        52
    14.4000        42
    14.4200        78
    14.4400        64
    14.4600        38
    14.4800        56
    14.5000        58
    14.5200        50
    14.5400        50
    14.5600        52
    14.5800        54
    14.6000        40
    14.6200        46
    14.6400        58
    14.6600        52
    14.6800        60
    14.7000        60
    14.7200        60
    14.7400        54
    14.7600        60
    14.7800        66
    14.8000        50
    14.8200        62
    14.8400        58
    14.8600        52
    14.8800        54
    14.9000        56
    14.9200        52
    14.9400        56
    14.9600        54
    14.9800        68
    15.0000        50
    15.0200        48
    15.0400        68
    15.0600        46
    15.0800        52
    15.1000        48
    15.1200        60
    15.1400        56
    15.1600        64
    15.1800        48
    15.2000        44
    15.2200        50
    15.2400        58
    15.2600        52
    15.2800        54
    15.3000        48
    15.3200        68
    15.3400        44
    15.3600        70
    15.3800        34
    15.4000        66
    15.4200        50
    15.4400        62
    15.4600        46
    15.4800        52
    15.5000        52
    15.5200        46
    15.5400        46
    15.5600        54
    15.5800        50
    15.6000        48
    15.6200        52
    15.6400        46
    15.6600        58
    15.6800        46
    15.7000        44
    15.7200        40
    15.7400        50
    15.7600        58
    15.7800        56
    15.8000        58
    15.8200        54
    15.8400        60
    15.8600        54
    15.8800        46
    15.9000        46
    15.9200        42
    15.9400        38
    15.9600        40
    15.9800        48
    16.0000        50
    16.0200        44
    16.0400        52
    16.0600        44
    16.0800        42
    16.1000        56
    16.1200        46
    16.1400        46
    16.1600        56
    16.1800        42
    16.2000        46
    16.2200        50
    16.2400        50
    16.2600        44
    16.2800        50
    16.3000        56
    16.3200        48
    16.3400        44
    16.3600        44
    16.3800        46
    16.4000        52
    16.4200        54
    16.4400        46
    16.4600        54
    16.4800        54
    16.5000        40
    16.5200        52
    16.5400        36
    16.5600        50
    16.5800        48
    16.6000        46
    16.6200        60
    16.6400        40
    16.6600        42
    16.6800        62
    16.7000        44
    16.7200        54
    16.7400        62
    16.7600        62
    16.7800        54
    16.8000        56
    16.8200        74
    16.8400        62
    16.8600        70
    16.8800        82
    16.9000        60
    16.9200        76
    16.9400        50
    16.9600        68
    16.9800        52
    17.0000        38
    17.0200        54
    17.0400        56
    17.0600        70
    17.0800        82
    17.1000        66
    17.1200        76
    17.1400        60
    17.1600        66
    17.1800        40
    17.2000        64
    17.2200        46
    17.2400        48
    17.2600        44
    17.2800        38
    17.3000        54
    17.3200        66
    17.3400        50
    17.3600        42
    17.3800        58
    17.4000        58
    17.4200        66
    17.4400        66
    17.4600        62
    17.4800        70
    17.5000        58
    17.5200        52
    17.5400        70
    17.5600        80
    17.5800        84
    17.6000        92
    17.6200        74
    17.6400        72
    17.6600        62
    17.6800        52
    17.7000        48
    17.7200        58
    17.7400        54
    17.7600        48
    17.7800        36
    17.8000        46
    17.8200        36
    17.8400        64
    17.8600        48
    17.8800        42
    17.9000        42
    17.9200        38
    17.9400        40
    17.9600        30
    17.9800        44
    18.0000        42
    18.0200        40
    18.0400        42
    18.0600        54
    18.0800        38
    18.1000        50
    18.1200        36
    18.1400        56
    18.1600        42
    18.1800        40
    18.2000        40
    18.2200        54
    18.2400        48
    18.2600        42
    18.2800        44
    18.3000        48
    18.3200        44
    18.3400        50
    18.3600        42
    18.3800        38
    18.4000        38
    18.4200        44
    18.4400        48
    18.4600        38
    18.4800        50
    18.5000        38
    18.5200        38
    18.5400        42
    18.5600        36
    18.5800        40
    18.6000        72
    18.6200        34
    18.6400        38
    18.6600        44
    18.6800        38
    18.7000        38
    18.7200        50
    18.7400        42
    18.7600        38
    18.7800        34
    18.8000        44
    18.8200        48
    18.8400        30
    18.8600        50
    18.8800        30
    18.9000        56
    18.9200        50
    18.9400        42
    18.9600        46
    18.9800        38
    19.0000        42
    19.0200        30
    19.0400        48
    19.0600        40
    19.0800        32
    19.1000        44
    19.1200        52
    19.1400        44
    19.1600        32
    19.1800        40
    19.2000        32
    19.2200        38
    19.2400        36
    19.2600        28
    19.2800        44
    19.3000        36
    19.3200        42
    19.3400        38
    19.3600        44
    19.3800        36
    19.4000        36
    19.4200        42
    19.4400        48
    19.4600        42
    19.4800        48
    19.5000        52
    19.5200        52
    19.5400        40
    19.5600        56
    19.5800        64
    19.6000        44
    19.6200        52
    19.6400        48
    19.6600        50
    19.6800        40
    19.7000        56
    19.7200        54
    19.7400        36
    19.7600        42
    19.7800        44
    19.8000        42
    19.8200        42
    19.8400        46
    19.8600        38
    19.8800        40
    19.9000        40
    19.9200        44
    19.9400        44
    19.9600        30
    19.9800        40
    20.0000        46
    20.0200        38
    20.0400        36
    20.0600        40
    20.0800        40
    20.1000        28
    20.1200        34
    20.1400        54
    20.1600        38
    20.1800        36
    20.2000        42
    20.2200        50
    20.2400        42
    20.2600        38
    20.2800        38
    20.3000        44
    20.3200        44
    20.3400        48
    20.3600        50
    20.3800        46
    20.4000        50
    20.4200        46
    20.4400        46
    20.4600        46
    20.4800        50
    20.5000        58
    20.5200        52
    20.5400        60
    20.5600        54
    20.5800        52
    20.6000        62
    20.6200        54
    20.6400        76
    20.6600        82
    20.6800        72
    20.7000        80
    20.7200       100
    20.7400        94
    20.7600       146
    20.7800       126
    20.8000       172
    20.8200       214
    20.8400       222
    20.8600       230
    20.8800       228
    20.9000       226
    20.9200       182
    20.9400       172
    20.9600       118
    20.9800        90
    21.0000        70
    21.0200        66
    21.0400        74
    21.0600        68
    21.0800        62
    21.1000        48
    21.1200        52
    21.1400        46
    21.1600        52
    21.1800        48
    21.2000        46
    21.2200        46
    21.2400        44
    21.2600        44
    21.2800        58
    21.3000        48
    21.3200        44
    21.3400        48
    21.3600        48
    21.3800        50
    21.4000        52
    21.4200        70
    21.4400        46
    21.4600        58
    21.4800        62
    21.5000        64
    21.5200        58
    21.5400        88
    21.5600        94
    21.5800       106
    21.6000       104
    21.6200       124
    21.6400       130
    21.6600       118
    21.6800       120
    21.7000        66
    21.7200        68
    21.7400        70
    21.7600        46
    21.7800        64
    21.8000        46
    21.8200        56
    21.8400        36
    21.8600        52
    21.8800        36
    21.9000        42
    21.9200        44
    21.9400        48
    21.9600        40
    21.9800        54
    22.0000        58
    22.0200        40
    22.0400        46
    22.0600        52
    22.0800        34
    22.1000        46
    22.1200        44
    22.1400        50
    22.1600        48
    22.1800        54
    22.2000        56
    22.2200        60
    22.2400        54
    22.2600        58
    22.2800        60
    22.3000        66
    22.3200        76
    22.3400        64
    22.3600        68
    22.3800        78
    22.4000        96
    22.4200        94
    22.4400       102
    22.4600       130
    22.4800       142
    22.5000       162
    22.5200       192
    22.5400       196
    22.5600       202
    22.5800       204
    22.6000       220
    22.6200       208
    22.6400       190
    22.6600       134
    22.6800       110
    22.7000        86
    22.7200        68
    22.7400        78
    22.7600        54
    22.7800        58
    22.8000        58
    22.8200        50
    22.8400        56
    22.8600        34
    22.8800        48
    22.9000        44
    22.9200        56
    22.9400        46
    22.9600        44
    22.9800        40
    23.0000        52
    23.0200        44
    23.0400        32
    23.0600        42
    23.0800        50
    23.1000        24
    23.1200        40
    23.1400        48
    23.1600        40
    23.1800        54
    23.2000        36
    23.2200        46
    23.2400        48
    23.2600        50
    23.2800        44
    23.3000        32
    23.3200        38
    23.3400        40
    23.3600        36
    23.3800        42
    23.4000        44
    23.4200        44
    23.4400        34
    23.4600        40
    23.4800        34
    23.5000        28
    23.5200        36
    23.5400        46
    23.5600        34
    23.5800        40
    23.6000        40
    23.6200        50
    23.6400        34
    23.6600        40
    23.6800        46
    23.7000        42
    23.7200        36
    23.7400        34
    23.7600        48
    23.7800        42
    23.8000        44
    23.8200        48
    23.8400        42
    23.8600        44
    23.8800        44
    23.9000        44
    23.9200        44
    23.9400        36
    23.9600        38
    23.9800        48
    24.0000        36
    24.0200        54
    24.0400        40
    24.0600        50
    24.0800        34
    24.1000        48
    24.1200        42
    24.1400        42
    24.1600        52
    24.1800        36
    24.2000        42
    24.2200        50
    24.2400        46
    24.2600        50
    24.2800        52
    24.3000        46
    24.3200        56
    24.3400        40
    24.3600        40
    24.3800        44
    24.4000        44
    24.4200        54
    24.4400        56
    24.4600        52
    24.4800        46
    24.5000        48
    24.5200        56
    24.5400        58
    24.5600        40
    24.5800        58
    24.6000        60
    24.6200        62
    24.6400        64
    24.6600        60
    24.6800        50
    24.7000        54
    24.7200        72
    24.7400        82
    24.7600        70
    24.7800        68
    24.8000        76
    24.8200        70
    24.8400        70
    24.8600        82
    24.8800        90
    24.9000       104
    24.9200       116
    24.9400       116
    24.9600       134
    24.9800       140
    25.0000       150
    25.0200       190
    25.0400       208
    25.0600       222
    25.0800       278
    25.1000       300
    25.1200       306
    25.1400       310
    25.1600       370
    25.1800       358
    25.2000       438
    25.2200       490
    25.2400       478
    25.2600       492
    25.2800       520
    25.3000       426
    25.3200       398
    25.3400       348
    25.3600       306
    25.3800       320
    25.4000       274
    25.4200       310
    25.4400       300
    25.4600       372
    25.4800       436
    25.5000       446
    25.5200       584
    25.5400       694
    25.5600       772
    25.5800       792
    25.6000       796
    25.6200       718
    25.6400       594
    25.6600       530
    25.6800       446
    25.7000       404
    25.7200       386
    25.7400       330
    25.7600       326
    25.7800       334
    25.8000       346
    25.8200       384
    25.8400       382
    25.8600       380
    25.8800       406
    25.9000       346
    25.9200       348
    25.9400       336
    25.9600       334
    25.9800       274
    26.0000       268
    26.0200       270
    26.0400       282
    26.0600       290
    26.0800       288
    26.1000       298
    26.1200       364
    26.1400       336
    26.1600       408
    26.1800       502
    26.2000       506
    26.2200       542
    26.2400       520
    26.2600       566
    26.2800       482
    26.3000       580
    26.3200       536
    26.3400       558
    26.3600       624
    26.3800       628
    26.4000       576
    26.4200       478
    26.4400       428
    26.4600       344
    26.4800       306
    26.5000       228
    26.5200       170
    26.5400       158
    26.5600       164
    26.5800       152
    26.6000       142
    26.6200       118
    26.6400       132
    26.6600       116
    26.6800       116
    26.7000       138
    26.7200       130
    26.7400       160
    26.7600       210
    26.7800       174
    26.8000       206
    26.8200       238
    26.8400       254
    26.8600       288
    26.8800       318
    26.9000       418
    26.9200       486
    26.9400       554
    26.9600       748
    26.9800       928
    27.0000      1080
    27.0200      1194
    27.0400      1222
    27.0600      1170
    27.0800      1020
    27.1000       876
    27.1200       694
    27.1400       588
    27.1600       420
    27.1800       312
    27.2000       274
    27.2200       242
    27.2400       232
    27.2600       202
    27.2800       234
    27.3000       250
    27.3200       320
    27.3400       310
    27.3600       356
    27.3800       368
    27.4000       442
    27.4200       492
    27.4400       552
    27.4600       578
    27.4800       728
    27.5000       722
    27.5200       792
    27.5400       696
    27.5600       576
    27.5800       470
    27.6000       394
    27.6200       312
    27.6400       206
    27.6600       148
    27.6800       112
    27.7000        98
    27.7200        92
    27.7400        78
    27.7600        66
    27.7800        66
    27.8000        68
    27.8200        70
    27.8400        74
    27.8600        40
    27.8800        62
    27.9000        60
    27.9200        54
    27.9400        54
    27.9600        54
    27.9800        56
    28.0000        38
    28.0200        40
    28.0400        54
    28.0600        46
    28.0800        56
    28.1000        52
    28.1200        56
    28.1400        58
    28.1600        50
    28.1800        54
    28.2000        54
    28.2200        44
    28.2400        38
    28.2600        44
    28.2800        46
    28.3000        46
    28.3200        56
    28.3400        40
    28.3600        48
    28.3800        52
    28.4000        34
    28.4200        46
    28.4400        62
    28.4600        56
    28.4800        38
    28.5000        44
    28.5200        34
    28.5400        44
    28.5600        48
    28.5800        32
    28.6000        44
    28.6200        26
    28.6400        52
    28.6600        42
    28.6800        40
    28.7000        52
    28.7200        50
    28.7400        46
    28.7600        38
    28.7800        56
    28.8000        48
    28.8200        50
    28.8400        42
    28.8600        26
    28.8800        60
    28.9000        38
    28.9200        38
    28.9400        46
    28.9600        50
    28.9800        50
    29.0000        38
    29.0200        50
    29.0400        54
    29.0600        46
    29.0800        38
    29.1000        42
    29.1200        60
    29.1400        60
    29.1600        52
    29.1800        56
    29.2000        84
    29.2200        96
    29.2400        80
    29.2600        78
    29.2800        84
    29.3000        98
    29.3200       118
    29.3400       112
    29.3600       102
    29.3800        68
    29.4000        78
    29.4200        76
    29.4400        50
    29.4600        58
    29.4800        62
    29.5000        52
    29.5200        38
    29.5400        62
    29.5600        60
    29.5800        56
    29.6000        58
    29.6200        56
    29.6400        72
    29.6600        52
    29.6800        60
    29.7000        66
    29.7200        34
    29.7400        46
    29.7600        50
    29.7800        60
    29.8000        44
    29.8200        36
    29.8400        38
    29.8600        34
    29.8800        48
    29.9000        48
    29.9200        50
    29.9400        32
    29.9600        36
    29.9800        50
    30.0000        42
    30.0200        40
    30.0400        54
    30.0600        38
    30.0800        46
    30.1000        52
    30.1200        52
    30.1400        50
    30.1600        58
    30.1800        42
    30.2000        46
    30.2200        40
    30.2400        58
    30.2600        52
    30.2800        66
    30.3000        66
    30.3200        48
    30.3400        54
    30.3600        60
    30.3800        62
    30.4000        50
    30.4200        50
    30.4400        40
    30.4600        62
    30.4800        44
    30.5000        46
    30.5200        36
    30.5400        36
    30.5600        24
    30.5800        52
    30.6000        46
    30.6200        64
    30.6400        44
    30.6600        46
    30.6800        38
    30.7000        44
    30.7200        48
    30.7400        54
    30.7600        68
    30.7800        42
    30.8000        48
    30.8200        54
    30.8400        72
    30.8600        64
    30.8800        70
    30.9000        76
    30.9200        88
    30.9400        88
    30.9600        82
    30.9800       100
    31.0000       112
    31.0200       146
    31.0400       148
    31.0600       162
    31.0800       204
    31.1000       248
    31.1200       314
    31.1400       368
    31.1600       510
    31.1800       598
    31.2000       594
    31.2200       666
    31.2400       580
    31.2600       608
    31.2800       566
    31.3000       446
    31.3200       352
    31.3400       340
    31.3600       242
    31.3800       188
    31.4000       166
    31.4200       126
    31.4400       110
    31.4600        86
    31.4800        82
    31.5000        76
    31.5200        48
    31.5400        58
    31.5600        74
    31.5800        70
    31.6000        66
    31.6200        42
    31.6400        50
    31.6600        56
    31.6800        54
    31.7000        40
    31.7200        56
    31.7400        48
    31.7600        66
    31.7800        72
    31.8000        36
    31.8200        56
    31.8400        50
    31.8600        66
    31.8800        64
    31.9000        74
    31.9200        72
    31.9400        94
    31.9600        94
    31.9800       104
    32.0000        76
    32.0200       106
    32.0400       102
    32.0600        86
    32.0800       100
    32.1000        86
    32.1200        76
    32.1400       102
    32.1600        78
    32.1800        88
    32.2000        88
    32.2200        80
    32.2400        76
    32.2600        82
    32.2800        74
    32.3000        80
    32.3200        86
    32.3400        74
    32.3600        80
    32.3800        94
    32.4000        72
    32.4200        86
    32.4400        90
    32.4600       116
    32.4800       132
    32.5000       114
    32.5200       138
    32.5400       146
    32.5600       138
    32.5800       120
    32.6000       102
    32.6200       118
    32.6400       108
    32.6600        60
    32.6800        88
    32.7000        58
    32.7200        68
    32.7400        64
    32.7600        52
    32.7800        56
    32.8000        50
    32.8200        58
    32.8400        48
    32.8600        56
    32.8800        52
    32.9000        56
    32.9200        56
    32.9400        60
    32.9600        66
    32.9800        60
    33.0000        64
    33.0200        82
    33.0400        84
    33.0600        96
    33.0800       102
    33.1000       110
    33.1200       124
    33.1400       170
    33.1600       182
    33.1800       206
    33.2000       220
    33.2200       238
    33.2400       232
    33.2600       232
    33.2800       172
    33.3000       172
    33.3200       130
    33.3400       108
    33.3600        92
    33.3800       100
    33.4000        62
    33.4200        72
    33.4400        66
    33.4600        58
    33.4800        60
    33.5000        66
    33.5200        64
    33.5400        48
    33.5600        50
    33.5800        66
    33.6000        56
    33.6200        58
    33.6400        70
    33.6600        66
    33.6800        54
    33.7000        80
    33.7200        88
    33.7400        64
    33.7600        72
    33.7800        70
    33.8000        74
    33.8200        70
    33.8400        74
    33.8600        78
    33.8800        72
    33.9000        94
    33.9200       106
    33.9400       114
    33.9600       114
    33.9800       110
    34.0000       108
    34.0200       116
    34.0400       132
    34.0600       140
    34.0800       128
    34.1000       148
    34.1200       168
    34.1400       176
    34.1600       170
    34.1800       182
    34.2000       204
    34.2200       194
    34.2400       156
    34.2600       178
    34.2800       148
    34.3000       152
    34.3200       142
    34.3400       126
    34.3600        88
    34.3800       110
    34.4000        96
    34.4200       114
    34.4400        88
    34.4600        94
    34.4800        82
    34.5000        94
    34.5200        86
    34.5400        98
    34.5600        94
    34.5800        82
    34.6000        82
    34.6200        82
    34.6400        84
    34.6600        66
    34.6800        66
    34.7000        66
    34.7200        68
    34.7400        68
    34.7600        48
    34.7800        50
    34.8000        62
    34.8200        54
    34.8400        60
    34.8600        64
    34.8800        48
    34.9000        60
    34.9200        60
    34.9400        46
    34.9600        44
    34.9800        68
    35.0000        70
    35.0200        66
    35.0400        76
    35.0600        90
    35.0800       110
    35.1000        94
    35.1200       102
    35.1400       106
    35.1600        92
    35.1800        98
    35.2000        94
    35.2200        60
    35.2400        72
    35.2600        72
    35.2800        60
    35.3000        64
    35.3200        62
    35.3400        60
    35.3600        42
    35.3800        40
    35.4000        36
    35.4200        40
    35.4400        34
    35.4600        34
    35.4800        40
    35.5000        52
    35.5200        54
    35.5400        56
    35.5600        66
    35.5800        82
    35.6000        80
    35.6200        82
    35.6400        74
    35.6600        90
    35.6800       106
    35.7000        96
    35.7200        90
    35.7400        92
    35.7600        86
    35.7800        88
    35.8000        80
    35.8200        70
    35.8400        76
    35.8600        98
    35.8800        76
    35.9000        88
    35.9200       106
    35.9400       114
    35.9600       106
    35.9800       104
    36.0000        98
    36.0200        96
    36.0400       118
    36.0600       106
    36.0800        92
    36.1000       108
    36.1200        72
    36.1400        66
    36.1600        56
    36.1800        50
    36.2000        64
    36.2200        64
    36.2400        88
    36.2600        66
    36.2800        88
    36.3000        76
    36.3200        78
    36.3400        72
    36.3600        88
    36.3800        80
    36.4000        70
    36.4200        78
    36.4400        90
    36.4600        92
    36.4800       120
    36.5000       136
    36.5200       158
    36.5400       142
    36.5600       148
    36.5800       144
    36.6000       138
    36.6200       142
    36.6400       126
    36.6600        94
    36.6800        96
    36.7000       102
    36.7200        84
    36.7400        68
    36.7600        62
    36.7800        76
    36.8000        56
    36.8200        58
    36.8400        54
    36.8600        60
    36.8800        54
    36.9000        50
    36.9200        58
    36.9400        64
    36.9600        60
    36.9800        56
    37.0000        84
    37.0200        86
    37.0400        80
    37.0600        76
    37.0800        80
    37.1000        90
    37.1200        94
    37.1400       102
    37.1600       124
    37.1800       126
    37.2000       124
    37.2200       176
    37.2400       192
    37.2600       238
    37.2800       300
    37.3000       362
    37.3200       460
    37.3400       446
    37.3600       540
    37.3800       548
    37.4000       512
    37.4200       462
    37.4400       492
    37.4600       458
    37.4800       380
    37.5000       416
    37.5200       422
    37.5400       376
    37.5600       360
    37.5800       398
    37.6000       430
    37.6200       442
    37.6400       396
    37.6600       430
    37.6800       408
    37.7000       366
    37.7200       292
    37.7400       242
    37.7600       224
    37.7800       200
    37.8000       174
    37.8200       142
    37.8400       122
    37.8600        92
    37.8800        96
    37.9000        82
    37.9200        68
    37.9400        66
    37.9600        70
    37.9800        44
    38.0000        46
    38.0200        56
    38.0400        46
    38.0600        58
    38.0800        52
    38.1000        46
    38.1200        48
    38.1400        52
    38.1600        46
    38.1800        40
    38.2000        42
    38.2200        42
    38.2400        50
    38.2600        36
    38.2800        46
    38.3000        54
    38.3200        40
    38.3400        50
    38.3600        60
    38.3800        56
    38.4000        68
    38.4200        50
    38.4400        52
    38.4600        64
    38.4800        62
    38.5000        66
    38.5200        76
    38.5400        74
    38.5600        74
    38.5800        72
    38.6000        96
    38.6200        84
    38.6400        84
    38.6600        84
    38.6800       104
    38.7000        82
    38.7200       102
    38.7400        94
    38.7600        84
    38.7800        74
    38.8000        72
    38.8200        80
    38.8400        76
    38.8600        66
    38.8800        66
    38.9000        64
    38.9200        64
    38.9400        50
    38.9600        72
    38.9800        54
    39.0000        74
    39.0200        86
    39.0400        84
    39.0600       104
    39.0800        90
    39.1000       116
    39.1200       110
    39.1400       110
    39.1600       126
    39.1800       134
    39.2000       152
    39.2200       158
    39.2400       200
    39.2600       226
    39.2800       258
    39.3000       258
    39.3200       312
    39.3400       306
    39.3600       312
    39.3800       294
    39.4000       258
    39.4200       278
    39.4400       264
    39.4600       272
    39.4800       220
    39.5000       244
    39.5200       200
    39.5400       212
    39.5600       210
    39.5800       174
    39.6000       176
    39.6200       146
    39.6400       166
    39.6600       128
    39.6800       126
    39.7000       120
    39.7200       118
    39.7400       104
    39.7600        96
    39.7800       116
    39.8000        74
    39.8200        86
    39.8400        98
    39.8600        88
    39.8800        84
    39.9000        82
    39.9200        74
    39.9400        76
    39.9600        74
    39.9800        68
    40.0000        66
    40.0200        48
    40.0400        88
    40.0600        72
    40.0800        72
    40.1000        78
    40.1200        68
    40.1400        70
    40.1600        64
    40.1800        68
    40.2000        70
    40.2200        74
    40.2400        72
    40.2600        72
    40.2800        60
    40.3000        84
    40.3200        76
    40.3400       108
    40.3600       120
    40.3800       112
    40.4000       158
    40.4200       172
    40.4400       210
    40.4600       224
    40.4800       196
    40.5000       200
    40.5200       172
    40.5400       172
    40.5600       164
    40.5800       156
    40.6000       136
    40.6200       102
    40.6400       100
    40.6600        86
    40.6800        84
    40.7000        92
    40.7200       106
    40.7400       108
    40.7600        78
    40.7800        88
    40.8000       130
    40.8200       108
    40.8400        82
    40.8600       118
    40.8800       136
    40.9000       130
    40.9200       188
    40.9400       264
    40.9600       290
    40.9800       312
    41.0000       382
    41.0200       358
    41.0400       342
    41.0600       316
    41.0800       254
    41.1000       250
    41.1200       210
    41.1400       214
    41.1600       150
    41.1800       136
    41.2000       110
    41.2200        96
    41.2400        88
    41.2600       100
    41.2800       106
    41.3000        74
    41.3200        86
    41.3400        86
    41.3600       104
    41.3800        78
    41.4000       102
    41.4200       110
    41.4400       104
    41.4600       110
    41.4800        98
    41.5000        90
    41.5200       110
    41.5400       102
    41.5600        90
    41.5800        86
    41.6000        82
    41.6200        78
    41.6400        88
    41.6600        60
    41.6800        76
    41.7000        66
    41.7200        58
    41.7400        64
    41.7600        68
    41.7800        68
    41.8000        68
    41.8200        74
    41.8400        64
    41.8600        60
    41.8800        62
    41.9000        70
    41.9200        66
    41.9400        78
    41.9600        78
    41.9800        86
    42.0000       108
    42.0200       118
    42.0400       124
    42.0600       162
    42.0800       164
    42.1000       140
    42.1200       160
    42.1400       144
    42.1600       116
    42.1800       144
    42.2000       112
    42.2200        94
    42.2400        90
    42.2600        88
    42.2800        60
    42.3000        54
    42.3200        56
    42.3400        46
    42.3600        42
    42.3800        48
    42.4000        46
    42.4200        54
    42.4400        46
    42.4600        38
    42.4800        46
    42.5000        38
    42.5200        42
    42.5400        44
    42.5600        42
    42.5800        58
    42.6000        32
    42.6200        42
    42.6400        32
    42.6600        44
    42.6800        54
    42.7000        52
    42.7200        50
    42.7400        56
    42.7600        56
    42.7800        64
    42.8000        58
    42.8200        62
    42.8400        62
    42.8600        58
    42.8800        50
    42.9000        48
    42.9200        54
    42.9400        54
    42.9600        38
    42.9800        52
    43.0000        36
    43.0200        40
    43.0400        42
    43.0600        34
    43.0800        38
    43.1000        46
    43.1200        36
    43.1400        44
    43.1600        28
    43.1800        32
    43.2000        40
    43.2200        42
    43.2400        44
    43.2600        40
    43.2800        36
    43.3000        48
    43.3200        40
    43.3400        50
    43.3600        50
    43.3800        42
    43.4000        50
    43.4200        64
    43.4400        46
    43.4600        44
    43.4800        58
    43.5000        54
    43.5200        50
    43.5400        62
    43.5600        70
    43.5800        66
    43.6000        78
    43.6200        66
    43.6400        58
    43.6600        60
    43.6800        74
    43.7000        66
    43.7200        48
    43.7400        54
    43.7600        62
    43.7800        60
    43.8000        46
    43.8200        56
    43.8400        74
    43.8600        66
    43.8800        66
    43.9000        82
    43.9200        82
    43.9400       110
    43.9600       122
    43.9800        96
    44.0000       118
    44.0200       110
    44.0400       130
    44.0600       138
    44.0800       142
    44.1000       136
    44.1200       162
    44.1400       154
    44.1600       138
    44.1800       126
    44.2000       144
    44.2200       136
    44.2400       136
    44.2600       124
    44.2800       144
    44.3000       140
    44.3200       134
    44.3400       144
    44.3600       136
    44.3800       122
    44.4000       142
    44.4200       122
    44.4400       118
    44.4600       112
    44.4800        76
    44.5000        92
    44.5200       100
    44.5400        74
    44.5600        70
    44.5800        68
    44.6000        66
    44.6200        68
    44.6400        62
    44.6600        48
    44.6800        62
    44.7000        50
    44.7200        62
    44.7400        50
    44.7600        56
    44.7800        60
    44.8000        48
    44.8200        70
    44.8400        54
    44.8600        64
    44.8800        68
    44.9000        60
    44.9200        68
    44.9400        56
    44.9600        48
    44.9800        66
    45.0000        66
    45.0200        64
    45.0400        70
    45.0600        74
    45.0800        74
    45.1000        74
    45.1200        72
    45.1400        80
    45.1600        78
    45.1800        70
    45.2000        62
    45.2200        64
    45.2400        72
    45.2600        58
    45.2800        62
    45.3000        64
    45.3200        64
    45.3400        50
    45.3600        44
    45.3800        62
    45.4000        50
    45.4200        56
    45.4400        50
    45.4600        58
    45.4800        58
    45.5000        46
    45.5200        64
    45.5400        52
    45.5600        64
    45.5800        66
    45.6000        56
    45.6200        76
    45.6400        72
    45.6600        80
    45.6800        86
    45.7000       100
    45.7200        94
    45.7400        96
    45.7600        88
    45.7800        86
    45.8000        86
    45.8200        76
    45.8400        84
    45.8600        84
    45.8800        72
    45.9000        80
    45.9200        52
    45.9400        78
    45.9600        60
    45.9800        58
    46.0000        64
    46.0200        74
    46.0400        88
    46.0600        82
    46.0800        90
    46.1000        76
    46.1200       104
    46.1400        86
    46.1600       118
    46.1800       138
    46.2000       194
    46.2200       194
    46.2400       200
    46.2600       216
    46.2800       280
    46.3000       242
    46.3200       284
    46.3400       250
    46.3600       260
    46.3800       222
    46.4000       206
    46.4200       182
    46.4400       176
    46.4600       180
    46.4800       156
    46.5000        98
    46.5200       106
    46.5400        70
    46.5600        76
    46.5800        70
    46.6000        70
    46.6200        46
    46.6400        60
    46.6600        58
    46.6800        50
    46.7000        56
    46.7200        56
    46.7400        48
    46.7600        46
    46.7800        44
    46.8000        54
    46.8200        62
    46.8400        60
    46.8600        78
    46.8800        80
    46.9000        82
    46.9200        96
    46.9400       112
    46.9600       110
    46.9800       122
    47.0000       112
    47.0200        94
    47.0400        74
    47.0600        72
    47.0800        72
    47.1000        72
    47.1200        84
    47.1400        84
    47.1600        44
    47.1800        58
    47.2000        50
    47.2200        46
    47.2400        48
    47.2600        50
    47.2800        44
    47.3000        46
    47.3200        50
    47.3400        46
    47.3600        52
    47.3800        46
    47.4000        52
    47.4200        46
    47.4400        52
    47.4600        50
    47.4800        74
    47.5000        52
    47.5200        48
    47.5400        52
    47.5600        62
    47.5800        72
    47.6000        70
    47.6200        60
    47.6400        60
    47.6600        70
    47.6800        82
    47.7000        64
    47.7200        78
    47.7400        66
    47.7600        76
    47.7800        82
    47.8000        82
    47.8200        80
    47.8400        74
    47.8600        90
    47.8800        76
    47.9000        92
    47.9200       102
    47.9400        96
    47.9600        86
    47.9800        88
    48.0000        80
    48.0200        90
    48.0400        72
    48.0600        76
    48.0800        80
    48.1000        96
    48.1200       100
    48.1400        78
    48.1600        84
    48.1800        72
    48.2000        62
    48.2200        68
    48.2400        62
    48.2600        68
    48.2800        68
    48.3000        76
    48.3200        58
    48.3400        74
    48.3600       100
    48.3800        94
    48.4000       106
    48.4200       130
    48.4400       118
    48.4600       108
    48.4800       108
    48.5000       100
    48.5200       114
    48.5400        90
    48.5600       108
    48.5800       118
    48.6000       158
    48.6200       144
    48.6400       186
    48.6600       192
    48.6800       244
    48.7000       282
    48.7200       280
    48.7400       234
    48.7600       212
    48.7800       178
    48.8000       180
    48.8200       180
    48.8400       160
    48.8600       164
    48.8800       142
    48.9000       108
    48.9200       112
    48.9400        64
    48.9600        74
    48.9800        76
    49.0000        70
    49.0200        66
    49.0400        78
    49.0600        64
    49.0800        52
    49.1000        44
    49.1200        50
    49.1400        50
    49.1600        50
    49.1800        36
    49.2000        44
    49.2200        70
    49.2400        50
    49.2600        54
    49.2800        60
    49.3000        46
    49.3200        40
    49.3400        52
    49.3600        52
    49.3800        56
    49.4000        68
    49.4200        76
    49.4400        76
    49.4600        90
    49.4800        82
    49.5000       110
    49.5200        96
    49.5400        98
    49.5600       102
    49.5800        96
    49.6000        92
    49.6200        94
    49.6400        82
    49.6600        66
    49.6800        72
    49.7000        84
    49.7200        62
    49.7400        70
    49.7600        54
    49.7800        70
    49.8000        70
    49.8200        62
    49.8400        60
    49.8600        52
    49.8800        54
    49.9000        70
    49.9200        52
    49.9400        70
    49.9600        80
    49.9800        58
    50.0000        72
    50.0200        64
    50.0400        64
    50.0600        60
    50.0800        96
    50.1000        86
    50.1200        66
    50.1400        66
    50.1600        60
    50.1800        78
    50.2000        62
    50.2200        78
    50.2400        72
    50.2600        80
    50.2800        56
    50.3000        76
    50.3200        88
    50.3400        90
    50.3600        98
    50.3800        88
    50.4000        90
    50.4200        88
    50.4400       102
    50.4600        92
    50.4800        94
    50.5000       104
    50.5200       118
    50.5400       108
    50.5600       104
    50.5800       120
    50.6000       114
    50.6200       114
    50.6400       106
    50.6600        90
    50.6800        94
    50.7000        72
    50.7200        68
    50.7400        70
    50.7600        66
    50.7800        56
    50.8000        74
    50.8200        40
    50.8400        46
    50.8600        48
    50.8800        38
    50.9000        44
    50.9200        36
    50.9400        50
    50.9600        44
    50.9800        42
    51.0000        54
    51.0200        48
    51.0400        48
    51.0600        40
    51.0800        36
    51.1000        42
    51.1200        34
    51.1400        44
    51.1600        50
    51.1800        36
    51.2000        52
    51.2200        30
    51.2400        44
    51.2600        32
    51.2800        46
    51.3000        50
    51.3200        40
    51.3400        30
    51.3600        42
    51.3800        38
    51.4000        38
    51.4200        48
    51.4400        36
    51.4600        34
    51.4800        50
    51.5000        46
    51.5200        38
    51.5400        66
    51.5600        48
    51.5800        62
    51.6000        66
    51.6200        68
    51.6400        62
    51.6600        66
    51.6800        62
    51.7000        58
    51.7200        72
    51.7400        84
    51.7600        94
    51.7800        98
    51.8000       126
    51.8200       110
    51.8400       116
    51.8600       104
    51.8800        92
    51.9000        96
    51.9200        84
    51.9400        84
    51.9600        74
    51.9800        88
    52.0000        64
    52.0200        60
    52.0400        72
    52.0600        56
    52.0800        58
    52.1000        58
    52.1200        56
    52.1400        50
    52.1600        76
    52.1800        52
    52.2000        54
    52.2200        64
    52.2400        66
    52.2600        78
    52.2800        74
    52.3000        72
    52.3200        84
    52.3400        70
    52.3600        78
    52.3800        78
    52.4000        78
    52.4200        74
    52.4400        82
    52.4600        84
    52.4800        76
    52.5000        64
    52.5200        82
    52.5400        80
    52.5600        72
    52.5800        90
    52.6000       102
    52.6200       106
    52.6400       102
    52.6600        86
    52.6800        96
    52.7000        86
    52.7200        84
    52.7400        84
    52.7600       104
    52.7800        90
    52.8000        98
    52.8200       118
    52.8400       100
    52.8600       120
    52.8800       116
    52.9000       106
    52.9200        92
    52.9400       110
    52.9600        88
    52.9800        90
    53.0000       106
    53.0200       114
    53.0400       124
    53.0600       120
    53.0800       126
    53.1000       144
    53.1200       170
    53.1400       192
    53.1600       232
    53.1800       218
    53.2000       202
    53.2200       188
    53.2400       180
    53.2600       156
    53.2800       138
    53.3000       152
    53.3200       142
    53.3400       146
    53.3600       146
    53.3800       150
    53.4000       146
    53.4200       134
    53.4400       128
    53.4600       130
    53.4800        92
    53.5000        94
    53.5200       102
    53.5400        78
    53.5600        90
    53.5800        88
    53.6000        78
    53.6200        74
    53.6400        70
    53.6600        54
    53.6800        74
    53.7000        76
    53.7200        72
    53.7400        62
    53.7600        70
    53.7800        70
    53.8000        72
    53.8200        72
    53.8400        74
    53.8600        78
    53.8800        92
    53.9000        90
    53.9200        96
    53.9400       106
    53.9600       118
    53.9800       158
    54.0000       140
    54.0200       136
    54.0400       150
    54.0600       124
    54.0800       134
    54.1000        82
    54.1200       106
    54.1400       104
    54.1600       112
    54.1800       102
    54.2000        92
    54.2200        76
    54.2400        74
    54.2600        82
    54.2800        58
    54.3000        66
    54.3200        78
    54.3400        54
    54.3600        72
    54.3800        46
    54.4000        48
    54.4200        48
    54.4400        60
    54.4600        48
    54.4800        44
    54.5000        62
    54.5200        34
    54.5400        30
    54.5600        42
    54.5800        46
    54.6000        32
    54.6200        52
    54.6400        44
    54.6600        38
    54.6800        28
    54.7000        42
    54.7200        42
    54.7400        44
    54.7600        44
    54.7800        42
    54.8000        54
    54.8200        42
    54.8400        34
    54.8600        38
    54.8800        36
    54.9000        54
    54.9200        34
    54.9400        38
    54.9600        46
    54.9800        40
    55.0000        38
    55.0200        34
    55.0400        46
    55.0600        48
    55.0800        36
    55.1000        52
    55.1200        46
    55.1400        40
    55.1600        40
    55.1800        40
    55.2000        56
    55.2200        40
    55.2400        44
    55.2600        48
    55.2800        66
    55.3000        44
    55.3200        80
    55.3400        68
    55.3600        52
    55.3800        68
    55.4000        80
    55.4200        88
    55.4400        88
    55.4600        74
    55.4800        72
    55.5000        68
    55.5200        76
    55.5400        76
    55.5600        82
    55.5800        90
    55.6000        98
    55.6200       104
    55.6400       104
    55.6600       108
    55.6800       104
    55.7000       122
    55.7200       108
    55.7400       104
    55.7600       106
    55.7800        94
    55.8000       100
    55.8200        94
    55.8400        88
    55.8600        92
    55.8800        78
    55.9000        80
    55.9200        88
    55.9400        70
    55.9600        60
    55.9800        58
    56.0000        72
    56.0200        66
    56.0400        58
    56.0600        56
    56.0800        54
    56.1000        56
    56.1200        64
    56.1400        70
    56.1600        52
    56.1800        64
    56.2000        70
    56.2200        72
    56.2400        88
    56.2600        90
    56.2800        88
    56.3000        84
    56.3200        60
    56.3400        74
    56.3600        74
    56.3800        64
    56.4000        66
    56.4200        66
    56.4400        72
    56.4600        98
    56.4800        72
    56.5000        74
    56.5200        70
    56.5400        74
    56.5600        68
    56.5800        64
    56.6000        70
    56.6200        62
    56.6400        74
    56.6600        78
    56.6800        76
    56.7000        76
    56.7200        70
    56.7400        94
    56.7600       100
    56.7800        84
    56.8000        86
    56.8200        94
    56.8400       114
    56.8600       100
    56.8800       116
    56.9000       102
    56.9200        98
    56.9400       110
    56.9600        78
    56.9800       110
    57.0000        94
    57.0200        96
    57.0400        96
    57.0600       104
    57.0800        84
    57.1000        78
    57.1200        72
    57.1400        78
    57.1600        56
    57.1800        74
    57.2000        68
    57.2200        52
    57.2400        48
    57.2600        70
    57.2800        52
    57.3000        44
    57.3200        52
    57.3400        50
    57.3600        50
    57.3800        42
    57.4000        54
    57.4200        54
    57.4400        50
    57.4600        72
    57.4800        50
    57.5000        54
    57.5200        66
    57.5400        74
    57.5600        68
    57.5800        84
    57.6000        82
    57.6200        70
    57.6400        74
    57.6600        66
    57.6800        60
    57.7000        66
    57.7200        58
    57.7400        56
    57.7600        64
    57.7800        50
    57.8000        50
    57.8200        60
    57.8400        36
    57.8600        56
    57.8800        50
    57.9000        56
    57.9200        48
    57.9400        50
    57.9600        50
    57.9800        44
    58.0000        48
    58.0200        48
    58.0400        58
    58.0600        32
    58.0800        56
    58.1000        56
    58.1200        46
    58.1400        62
    58.1600        64
    58.1800        60
    58.2000        46
    58.2200        62
    58.2400        60
    58.2600        64
    58.2800        70
    58.3000        62
    58.3200        70
    58.3400        56
    58.3600        38
    58.3800        50
    58.4000        68
    58.4200        50
    58.4400        56
    58.4600        44
    58.4800        68
    58.5000        46
    58.5200        50
    58.5400        54
    58.5600        36
    58.5800        50
    58.6000        60
    58.6200        48
    58.6400        52
    58.6600        46
    58.6800        52
    58.7000        54
    58.7200        40
    58.7400        50
    58.7600        44
    58.7800        44
    58.8000        40
    58.8200        50
    58.8400        52
    58.8600        38
    58.8800        44
    58.9000        54
    58.9200        36
    58.9400        54
    58.9600        50
    58.9800        70
    59.0000        52
    59.0200        64
    59.0400        74
    59.0600        76
    59.0800        84
    59.1000        72
    59.1200        78
    59.1400        80
    59.1600        80
    59.1800        94
    59.2000        90
    59.2200        74
    59.2400        86
    59.2600        88
    59.2800        90
    59.3000        92
    59.3200        92
    59.3400       102
    59.3600        94
    59.3800       100
    59.4000        98
    59.4200        98
    59.4400        90
    59.4600        96
    59.4800        74
    59.5000        78
    59.5200        70
    59.5400        68
    59.5600        74
    59.5800        68
    59.6000        74
    59.6200        76
    59.6400        62
    59.6600        68
    59.6800        84
    59.7000        66
    59.7200        76
    59.7400        70
    59.7600        86
    59.7800        94
    59.8000        76
    59.8200        76
    59.8400        70
    59.8600        62
    59.8800        76
    59.9000        82
    59.9200        58
    59.9400        72
    59.9600        78
    59.9800        76
    60.0000        78
    60.0200        72
    60.0400        66
    60.0600        82
    60.0800        88
    60.1000        74
    60.1200        74
    60.1400        62
    60.1600        60
    60.1800        74
    60.2000        78
    60.2200        82
    60.2400        94
    60.2600        90
    60.2800       106
    60.3000        88
    60.3200       100
    60.3400       156
    60.3600       134
    60.3800       128
    60.4000       118
    60.4200       150
    60.4400       124
    60.4600       106
    60.4800       112
    60.5000       100
    60.5200       118
    60.5400       110
    60.5600       144
    60.5800       136
    60.6000       102
    60.6200       110
    60.6400       108
    60.6600       108
    60.6800       100
    60.7000        68
    60.7200        78
    60.7400        68
    60.7600        72
    60.7800        86
    60.8000        76
    60.8200        66
    60.8400        58
    60.8600        60
    60.8800        70
    60.9000        60
    60.9200        66
    60.9400        60
    60.9600        66
    60.9800        70
    61.0000        74
    61.0200        78
    61.0400        88
    61.0600        76
    61.0800        62
    61.1000        72
    61.1200        54
    61.1400        80
    61.1600        66
    61.1800        82
    61.2000        76
    61.2200        78
    61.2400        78
    61.2600        82
    61.2800        88
    61.3000       112
    61.3200       112
    61.3400       110
    61.3600       116
    61.3800       120
    61.4000       118
    61.4200       108
    61.4400        90
    61.4600       110
    61.4800        76
    61.5000       102
    61.5200       102
    61.5400       108
    61.5600       104
    61.5800        72
    61.6000        74
    61.6200        74
    61.6400        74
    61.6600        74
    61.6800        78
    61.7000        66
    61.7200        64
    61.7400        52
    61.7600        54
    61.7800        48
    61.8000        40
    61.8200        60
    61.8400        56
    61.8600        44
    61.8800        50
    61.9000        52
    61.9200        56
    61.9400        58
    61.9600        50
    61.9800        48
    62.0000        50
    62.0200        52
    62.0400        36
    62.0600        40
    62.0800        70
    62.1000        56
    62.1200        64
    62.1400        46
    62.1600        48
    62.1800        54
    62.2000        44
    62.2200        50
    62.2400        56
    62.2600        56
    62.2800        62
    62.3000        60
    62.3200        74
    62.3400        60
    62.3600        60
    62.3800        62
    62.4000        60
    62.4200        72
    62.4400        58
    62.4600        66
    62.4800        52
    62.5000        56
    62.5200        54
    62.5400        70
    62.5600        58
    62.5800        68
    62.6000        48
    62.6200        50
    62.6400        56
    62.6600        42
    62.6800        36
    62.7000        42
    62.7200        58
    62.7400        58
    62.7600        44
    62.7800        36
    62.8000        56
    62.8200        50
    62.8400        40
    62.8600        42
    62.8800        52
    62.9000        46
    62.9200        48
    62.9400        46
    62.9600        48
    62.9800        48
    63.0000        46
    63.0200        48
    63.0400        52
    63.0600        54
    63.0800        60
    63.1000        66
    63.1200        42
    63.1400        56
    63.1600        78
    63.1800        74
    63.2000        54
    63.2200        72
    63.2400        62
    63.2600        78
    63.2800        56
    63.3000        66
    63.3200        58
    63.3400        60
    63.3600        76
    63.3800        66
    63.4000        48
    63.4200        86
    63.4400        70
    63.4600        74
    63.4800        64
    63.5000        76
    63.5200        80
    63.5400        82
    63.5600        86
    63.5800       114
    63.6000        86
    63.6200       110
    63.6400       106
    63.6600        92
    63.6800        88
    63.7000        92
    63.7200        72
    63.7400        76
    63.7600        98
    63.7800        90
    63.8000        72
    63.8200        82
    63.8400        66
    63.8600        90
    63.8800        70
    63.9000        72
    63.9200        60
    63.9400        60
    63.9600        68
    63.9800        72
    64.0000        60
    64.0200        72
    64.0400        76
    64.0600        72
    64.0800        80
    64.1000        82
    64.1200        76
    64.1400        68
    64.1600        92
    64.1800        76
    64.2000        84
    64.2200        86
    64.2400        88
    64.2600        88
    64.2800        82
    64.3000        86
    64.3200       110
    64.3400        94
    64.3600       120
    64.3800       104
    64.4000       118
    64.4200       114
    64.4400        96
    64.4600        88
    64.4800       100
    64.5000        90
    64.5200        92
    64.5400       100
    64.5600        98
    64.5800       102
    64.6000        96
    64.6200        72
    64.6400        70
    64.6600        66
    64.6800        68
    64.7000        66
    64.7200        62
    64.7400        76
    64.7600        74
    64.7800        82
    64.8000        70
    64.8200        76
    64.8400        72
    64.8600        82
    64.8800        72
    64.9000        56
    64.9200        48
    64.9400        50
    64.9600        64
    64.9800        66
    65.0000        60
    65.0200        46
    65.0400        48
    65.0600        64
    65.0800        62
    65.1000        36
    65.1200        44
    65.1400        50
    65.1600        50
    65.1800        44
    65.2000        50
    65.2200        42
    65.2400        42
    65.2600        50
    65.2800        46
    65.3000        42
    65.3200        52
    65.3400        42
    65.3600        50
    65.3800        36
    65.4000        50
    65.4200        42
    65.4400        64
    65.4600        44
    65.4800        50
    65.5000        34
    65.5200        42
    65.5400        40
    65.5600        48
    65.5800        42
    65.6000        36
    65.6200        52
    65.6400        46
    65.6600        52
    65.6800        46
    65.7000        48
    65.7200        50
    65.7400        36
    65.7600        42
    65.7800        36
    65.8000        48
    65.8200        48
    65.8400        36
    65.8600        46
    65.8800        50
    65.9000        46
    65.9200        56
    65.9400        36
    65.9600        70
    65.9800        52
    66.0000        46
    66.0200        52
    66.0400        48
    66.0600        54
    66.0800        80
    66.1000        66
    66.1200        58
    66.1400        70
    66.1600        58
    66.1800        78
    66.2000        74
    66.2200        62
    66.2400        64
    66.2600        70
    66.2800        74
    66.3000        74
    66.3200        78
    66.3400       102
    66.3600        70
    66.3800        90
    66.4000        86
    66.4200        86
    66.4400        74
    66.4600        80
    66.4800        74
    66.5000        86
    66.5200        86
    66.5400        86
    66.5600        78
    66.5800        72
    66.6000        76
    66.6200        84
    66.6400        64
    66.6600        70
    66.6800        82
    66.7000        80
    66.7200       104
    66.7400       120
    66.7600       126
    66.7800       124
    66.8000       164
    66.8200       126
    66.8400       152
    66.8600       158
    66.8800       144
    66.9000       108
    66.9200       112
    66.9400       126
    66.9600       116
    66.9800       112
    67.0000       130
    67.0200       122
    67.0400       150
    67.0600       134
    67.0800       116
    67.1000        98
    67.1200        96
    67.1400        82
    67.1600        88
    67.1800        88
    67.2000        82
    67.2200        76
    67.2400        86
    67.2600        86
    67.2800        72
    67.3000        76
    67.3200        80
    67.3400        88
    67.3600        64
    67.3800        70
    67.4000        90
    67.4200        78
    67.4400        72
    67.4600        82
    67.4800        88
    67.5000        90
    67.5200        84
    67.5400        96
    67.5600        90
    67.5800        98
    67.6000       110
    67.6200        88
    67.6400       100
    67.6600       106
    67.6800        94
    67.7000       112
    67.7200        96
    67.7400       108
    67.7600        84
    67.7800       106
    67.8000        92
    67.8200        94
    67.8400        94
    67.8600        98
    67.8800        94
    67.9000       108
    67.9200       108
    67.9400       108
    67.9600       124
    67.9800       134
    68.0000       126
    68.0200       120
    68.0400       128
    68.0600       100
    68.0800       114
    68.1000       114
    68.1200        98
    68.1400        82
    68.1600        86
    68.1800        94
    68.2000        84
    68.2200        86
    68.2400        80
    68.2600        76
    68.2800        90
    68.3000        72
    68.3200        74
    68.3400        72
    68.3600        66
    68.3800        58
    68.4000        66
    68.4200        84
    68.4400        60
    68.4600        52
    68.4800        50
    68.5000        74
    68.5200        54
    68.5400        62
    68.5600        54
    68.5800        64
    68.6000        58
    68.6200        70
    68.6400        58
    68.6600        58
    68.6800        46
    68.7000        56
    68.7200        58
    68.7400        46
    68.7600        56
    68.7800        56
    68.8000        38
    68.8200        50
    68.8400        46
    68.8600        54
    68.8800        52
    68.9000        48
    68.9200        44
    68.9400        64
    68.9600        50
    68.9800        56
    69.0000        54
    69.0200        60
    69.0400        62
    69.0600        52
    69.0800        44
    69.1000        52
    69.1200        44
    69.1400        60
    69.1600        70
    69.1800        52
    69.2000        72
    69.2200        58
    69.2400        58
    69.2600        46
    69.2800        40
    69.3000        50
    69.3200        58
    69.3400        52
    69.3600        48
    69.3800        56
    69.4000        52
    69.4200        42
    69.4400        76
    69.4600        50
    69.4800        72
    69.5000        60
    69.5200        54
    69.5400        60
    69.5600        52
    69.5800        62
    69.6000        44
    69.6200        58
    69.6400        58
    69.6600        62
    69.6800        42
    69.7000        58
    69.7200        56
    69.7400        56
    69.7600        46
    69.7800        62
    69.8000        66
    69.8200        80
    69.8400        68
    69.8600        64
    69.8800        76
    69.9000        74
    69.9200        84
    69.9400       102
    69.9600        64
    69.9800        74
    70.0000        74
    70.0200        74
    70.0400        64
    70.0600        48
    70.0800        56
    70.1000        66
    70.1200        56
    70.1400        54
    70.1600        70
    70.1800        58
    70.2000        50
    70.2200        56
    70.2400        58
    70.2600        46
    70.2800        46
    70.3000        40
    70.3200        48
    70.3400        48
    70.3600        46
    70.3800        54
    70.4000        50
    70.4200        56
    70.4400        76
    70.4600        68
    70.4800        42
    70.5000        58
    70.5200        62
    70.5400        44
    70.5600        54
    70.5800        56
    70.6000        60
    70.6200        62
    70.6400        82
    70.6600        68
    70.6800        78
    70.7000        66
    70.7200        78
    70.7400        68
    70.7600        66
    70.7800        70
    70.8000        50
    70.8200        50
    70.8400        62
    70.8600        52
    70.8800        58
    70.9000        60
    70.9200        70
    70.9400        54
    70.9600        54
    70.9800        66
    71.0000        50
    71.0200        64
    71.0400        52
    71.0600        48
    71.0800        44
    71.1000        54
    71.1200        66
    71.1400        56
    71.1600        54
    71.1800        48
    71.2000        56
    71.2200        56
    71.2400        54
    71.2600        60
    71.2800        62
    71.3000        58
    71.3200        56
    71.3400        72
    71.3600        62
    71.3800        76
    71.4000        84
    71.4200        74
    71.4400        66
    71.4600        84
    71.4800        60
    71.5000        82
    71.5200        82
    71.5400        72
    71.5600        90
    71.5800        98
    71.6000        72
    71.6200        76
    71.6400        96
    71.6600        78
    71.6800        80
    71.7000       100
    71.7200        64
    71.7400        70
    71.7600        70
    71.7800        60
    71.8000        76
    71.8200        56
    71.8400        78
    71.8600        70
    71.8800        68
    71.9000        80
    71.9200        64
    71.9400        56
    71.9600        54
    71.9800        56
    72.0000        56
    72.0200        56
    72.0400        56
    72.0600        54
    72.0800        44
    72.1000        42
    72.1200        46
    72.1400        48
    72.1600        60
    72.1800        48
    72.2000        58
    72.2200        52
    72.2400        50
    72.2600        46
    72.2800        40
    72.3000        54
    72.3200        46
    72.3400        60
    72.3600        58
    72.3800        52
    72.4000        54
    72.4200        34
    72.4400        44
    72.4600        48
    72.4800        48
    72.5000        58
    72.5200        54
    72.5400        52
    72.5600        44
    72.5800        46
    72.6000        56
    72.6200        54
    72.6400        54
    72.6600        70
    72.6800        60
    72.7000        58
    72.7200        72
    72.7400        66
    72.7600        54
    72.7800        52
    72.8000        72
    72.8200        54
    72.8400        56
    72.8600        58
    72.8800        54
    72.9000        44
    72.9200        64
    72.9400        46
    72.9600        48
    72.9800        46
    73.0000        50
    73.0200        32
    73.0400        52
    73.0600        52
    73.0800        42
    73.1000        50
    73.1200        50
    73.1400        42
    73.1600        50
    73.1800        46
    73.2000        40
    73.2200        54
    73.2400        54
    73.2600        56
    73.2800        56
    73.3000        42
    73.3200        60
    73.3400        56
    73.3600        58
    73.3800        52
    73.4000        72
    73.4200        60
    73.4400        72
    73.4600        66
    73.4800        56
    73.5000        56
    73.5200        68
    73.5400        64
    73.5600        66
    73.5800        58
    73.6000        52
    73.6200        52
    73.6400        54
    73.6600        44
    73.6800        38
    73.7000        50
    73.7200        58
    73.7400        56
    73.7600        58
    73.7800        42
    73.8000        46
    73.8200        44
    73.8400        42
    73.8600        46
    73.8800        42
    73.9000        38
    73.9200        38
    73.9400        44
    73.9600        36
    73.9800        34
    74.0000        42
    74.0200        52
    74.0400        50
    74.0600        46
    74.0800        54
    74.1000        46
    74.1200        40
    74.1400        36
    74.1600        36
    74.1800        50
    74.2000        44
    74.2200        38
    74.2400        50
    74.2600        52
    74.2800        46
    74.3000        54
    74.3200        36
    74.3400        46
    74.3600        54
    74.3800        50
    74.4000        54
    74.4200        44
    74.4400        48
    74.4600        48
    74.4800        38
    74.5000        34
    74.5200        44
    74.5400        60
    74.5600        42
    74.5800        48
    74.6000        48
    74.6200        34
    74.6400        54
    74.6600        38
    74.6800        38
    74.7000        52
    74.7200        40
    74.7400        36
    74.7600        34
    74.7800        48
    74.8000        46
    74.8200        52
    74.8400        46
    74.8600        52
    74.8800        46
    74.9000        50
    74.9200        38
    74.9400        52
    74.9600        38
    74.9800        58
    75.0000        52
    75.0200        54
    75.0400        54
    75.0600        52
    75.0800        60
    75.1000        64
    75.1200        66
    75.1400        70
    75.1600        68
    75.1800        84
    75.2000        82
    75.2200        90
    75.2400        60
    75.2600        64
    75.2800        90
    75.3000        78
    75.3200        62
    75.3400        76
    75.3600        68
    75.3800        80
    75.4000        66
    75.4200        78
    75.4400        56
    75.4600        60
    75.4800        54
    75.5000        76
    75.5200        42
    75.5400        56
    75.5600        68
    75.5800        58
    75.6000        64
    75.6200        52
    75.6400        56
    75.6600        46
    75.6800        64
    75.7000        56
    75.7200        52
    75.7400        44
    75.7600        56
    75.7800        56
    75.8000        54
    75.8200        54
    75.8400        58
    75.8600        58
    75.8800        52
    75.9000        56
    75.9200        60
    75.9400        74
    75.9600        62
    75.9800        54
    76.0000        68
    76.0200        60
    76.0400        54
    76.0600        54
    76.0800        60
    76.1000        48
    76.1200        56
    76.1400        48
    76.1600        54
    76.1800        52
    76.2000        50
    76.2200        46
    76.2400        50
    76.2600        66
    76.2800        58
    76.3000        74
    76.3200        70
    76.3400        64
    76.3600        72
    76.3800        78
    76.4000        78
    76.4200        82
    76.4400        70
    76.4600        72
    76.4800        52
    76.5000        68
    76.5200        70
    76.5400        68
    76.5600        78
    76.5800        50
    76.6000        58
    76.6200        60
    76.6400        78
    76.6600        58
    76.6800        78
    76.7000        64
    76.7200        68
    76.7400        66
    76.7600        54
    76.7800        44
    76.8000        58
    76.8200        42
    76.8400        56
    76.8600        50
    76.8800        46
    76.9000        60
    76.9200        42
    76.9400        52
    76.9600        58
    76.9800        60
    77.0000        64
    77.0200        52
    77.0400        58
    77.0600        58
    77.0800        64
    77.1000        52
    77.1200        60
    77.1400        54
    77.1600        66
    77.1800        70
    77.2000        70
    77.2200        68
    77.2400        62
    77.2600        66
    77.2800        86
    77.3000        64
    77.3200        76
    77.3400        62
    77.3600        64
    77.3800        48
    77.4000        52
    77.4200        48
    77.4400        46
    77.4600        56
    77.4800        56
    77.5000        46
    77.5200        40
    77.5400        34
    77.5600        46
    77.5800        56
    77.6000        54
    77.6200        34
    77.6400        52
    77.6600        52
    77.6800        52
    77.7000        34
    77.7200        58
    77.7400        34
    77.7600        32
    77.7800        46
    77.8000        38
    77.8200        50
    77.8400        46
    77.8600        44
    77.8800        58
    77.9000        36
    77.9200        54
    77.9400        58
    77.9600        56
    77.9800        64
    78.0000        76
    78.0200        62
    78.0400        82
    78.0600        60
    78.0800        68
    78.1000        74
    78.1200        82
    78.1400        90
    78.1600        90
    78.1800       104
    78.2000        92
    78.2200        76
    78.2400        74
    78.2600        86
    78.2800        74
    78.3000        54
    78.3200        64
    78.3400        52
    78.3600        56
    78.3800        56
    78.4000        74
    78.4200        74
    78.4400        50
    78.4600        46
    78.4800        44
    78.5000        46
    78.5200        38
    78.5400        52
    78.5600        38
    78.5800        36
    78.6000        36
    78.6200        32
    78.6400        36
    78.6600        32
    78.6800        32
    78.7000        42
    78.7200        40
    78.7400        46
    78.7600        34
    78.7800        38
    78.8000        36
    78.8200        26
    78.8400        28
    78.8600        38
    78.8800        36
    78.9000        42
    78.9200        28
    78.9400        42
    78.9600        36
    78.9800        38
    79.0000        46
    79.0200        42
    79.0400        46
    79.0600        36
    79.0800        28
    79.1000        20
    79.1200        34
    79.1400        26
    79.1600        30
    79.1800        20
    79.2000        28
    79.2200        36
    79.2400        32
    79.2600        40
    79.2800        32
    79.3000        34
    79.3200        24
    79.3400        40
    79.3600        40
    79.3800        28
    79.4000        34
    79.4200        24
    79.4400        38
    79.4600        36
    79.4800        28
    79.5000        38
    79.5200        40
    79.5400        46
    79.5600        50
    79.5800        34
    79.6000        38
    79.6200        34
    79.6400        40
    79.6600        38
    79.6800        52
    79.7000        42
    79.7200        56
    79.7400        66
    79.7600        50
    79.7800        54
    79.8000        62
    79.8200        60
    79.8400        52
    79.8600        44
    79.8800        54
    79.9000        56
    79.9200        44
    79.9400        48
    79.9600        26
    79.9800        64
    80.0000        54
