    10.0000       100
    10.0200        96
    10.0400        96
    10.0600       120
    10.0800       110
    10.1000        92
    10.1200       102
    10.1400       106
    10.1600       120
    10.1800        96
    10.2000        98
    10.2200       106
    10.2400       102
    10.2600        86
    10.2800       100
    10.3000        88
    10.3200       102
    10.3400        94
    10.3600        96
    10.3800        88
    10.4000        82
    10.4200        82
    10.4400        90
    10.4600        84
    10.4800        78
    10.5000        92
    10.5200        80
    10.5400        80
    10.5600        76
    10.5800        96
    10.6000       100
    10.6200        84
    10.6400        70
    10.6600        92
    10.6800        88
    10.7000        94
    10.7200        92
    10.7400        96
    10.7600        94
    10.7800        80
    10.8000        82
    10.8200        76
    10.8400        70
    10.8600        94
    10.8800        80
    10.9000        68
    10.9200        96
    10.9400        76
    10.9600        78
    10.9800        94
    11.0000        88
    11.0200        92
    11.0400        76
    11.0600        78
    11.0800       102
    11.1000        80
    11.1200        74
    11.1400        56
    11.1600        82
    11.1800        76
    11.2000        84
    11.2200        86
    11.2400       100
    11.2600        74
    11.2800        68
    11.3000        88
    11.3200        94
    11.3400        80
    11.3600        74
    11.3800        82
    11.4000        82
    11.4200        78
    11.4400        72
    11.4600        84
    11.4800        82
    11.5000        92
    11.5200        70
    11.5400        54
    11.5600        74
    11.5800        76
    11.6000        90
    11.6200        76
    11.6400        86
    11.6600        90
    11.6800        74
    11.7000        74
    11.7200        88
    11.7400        72
    11.7600        80
    11.7800        78
    11.8000        82
    11.8200        78
    11.8400        70
    11.8600        78
    11.8800        86
    11.9000       102
    11.9200        90
    11.9400        82
    11.9600        78
    11.9800        90
    12.0000        64
    12.0200        76
    12.0400        72
    12.0600        78
    12.0800        92
    12.1000        92
    12.1200        88
    12.1400        86
    12.1600        98
    12.1800       102
    12.2000        96
    12.2200        94
    12.2400       100
    12.2600        94
    12.2800        84
    12.3000       122
    12.3200        98
    12.3400       108
    12.3600       106
    12.3800       120
    12.4000       130
    12.4200       152
    12.4400       150
    12.4600       166
    12.4800       190
    12.5000       206
    12.5200       214
    12.5400       226
    12.5600       270
    12.5800       296
    12.6000       284
    12.6200       242
    12.6400       240
    12.6600       210
    12.6800       148
    12.7000       132
    12.7200       120
    12.7400       114
    12.7600       112
    12.7800       132
    12.8000       126
    12.8200       120
    12.8400       124
    12.8600       150
    12.8800       150
    12.9000       160
    12.9200       180
    12.9400       188
    12.9600       190
    12.9800       208
    13.0000       218
    13.0200       172
    13.0400       154
    13.0600       148
    13.0800       112
    13.1000        94
    13.1200        88
    13.1400        70
    13.1600        80
    13.1800        74
    13.2000        80
    13.2200        72
    13.2400        70
    13.2600        78
    13.2800        64
    13.3000        64
    13.3200        82
    13.3400        66
    13.3600        74
    13.3800        72
    13.4000        72
    13.4200        74
    13.4400        74
    13.4600        74
    13.4800        62
    13.5000        82
    13.5200        56
    13.5400        70
    13.5600        66
    13.5800        70
    13.6000        74
    13.6200        66
    13.6400        76
    13.6600        64
    13.6800        62
    13.7000        70
    13.7200        64
    13.7400        70
    13.7600        64
    13.7800        52
    13.8000        40
    13.8200        88
    13.8400        56
    13.8600        56
    13.8800        72
    13.9000        58
    13.9200        56
    13.9400        56
    13.9600        70
    13.9800        62
    14.0000        70
    14.0200        60
    14.0400        58
    14.0600        72
    14.0800        68
    14.1000        44
    14.1200        60
    14.1400        52
    14.1600        70
    14.1800        78
    14.2000        52
    14.2200        62
    14.2400        60
    14.2600        50
    14.2800        50
    14.3000        62
    14.3200        64
    14.3400        52
    14.3600        60
    14.3800        66
    14.4000        60
    14.4200        60
    14.4400        54
    14.4600        54
    14.4800        58
    14.5000        64
    14.5200        58
    14.5400        70
    14.5600        52
    14.5800        52
    14.6000        62
    14.6200        56
    14.6400        62
    14.6600        66
    14.6800        56
    14.7000        56
    14.7200        68
    14.7400        50
    14.7600        52
    14.7800        56
    14.8000        60
    14.8200        68
    14.8400        62
    14.8600        50
    14.8800        70
    14.9000        62
    14.9200        56
    14.9400        62
    14.9600        62
    14.9800        60
    15.0000        48
    15.0200        68
    15.0400        48
    15.0600        70
    15.0800        52
    15.1000        52
    15.1200        58
    15.1400        60
    15.1600        48
    15.1800        44
    15.2000        56
    15.2200        58
    15.2400        48
    15.2600        52
    15.2800        46
    15.3000        56
    15.3200        60
    15.3400        58
    15.3600        56
    15.3800        50
    15.4000        50
    15.4200        50
    15.4400        54
    15.4600        48
    15.4800        58
    15.5000        60
    15.5200        60
    15.5400        68
    15.5600        62
    15.5800        54
    15.6000        50
    15.6200        52
    15.6400        52
    15.6600        48
    15.6800        52
    15.7000        46
    15.7200        58
    15.7400        44
    15.7600        52
    15.7800        54
    15.8000        48
    15.8200        52
    15.8400        48
    15.8600        64
    15.8800        44
    15.9000        62
    15.9200        44
    15.9400        54
    15.9600        60
    15.9800        64
    16.0000        58
    16.0200        46
    16.0400        58
    16.0600        48
    16.0800        50
    16.1000        60
    16.1200        54
    16.1400        36
    16.1600        58
    16.1800        40
    16.2000        50
    16.2200        48
    16.2400        56
    16.2600        46
    16.2800        54
    16.3000        50
    16.3200        40
    16.3400        46
    16.3600        48
    16.3800        58
    16.4000        46
    16.4200        56
    16.4400        48
    16.4600        42
    16.4800        68
    16.5000        56
    16.5200        60
    16.5400        44
    16.5600        50
    16.5800        48
    16.6000        58
    16.6200        50
    16.6400        54
    16.6600        50
    16.6800        56
    16.7000        64
    16.7200        56
    16.7400        48
    16.7600        70
    16.7800        62
    16.8000        68
    16.8200        72
    16.8400        76
    16.8600        74
    16.8800        82
    16.9000        96
    16.9200        68
    16.9400        78
    16.9600        64
    16.9800        70
    17.0000        62
    17.0200        70
    17.0400        62
    17.0600        62
    17.0800        72
    17.1000        74
    17.1200        80
    17.1400        70
    17.1600        64
    17.1800        62
    17.2000        64
    17.2200        60
    17.2400        58
    17.2600        46
    17.2800        40
    17.3000        52
    17.3200        54
    17.3400        50
    17.3600        58
    17.3800        54
    17.4000        62
    17.4200        62
    17.4400        50
    17.4600        58
    17.4800        60
    17.5000        74
    17.5200        94
    17.5400        94
    17.5600        84
    17.5800        86
    17.6000       106
    17.6200        84
    17.6400        86
    17.6600        70
    17.6800        78
    17.7000        56
    17.7200        44
    17.7400        66
    17.7600        60
    17.7800        50
    17.8000        60
    17.8200        40
    17.8400        42
    17.8600        50
    17.8800        52
    17.9000        54
    17.9200        48
    17.9400        38
    17.9600        46
    17.9800        48
    18.0000        38
    18.0200        42
    18.0400        40
    18.0600        56
    18.0800        46
    18.1000        28
    18.1200        52
    18.1400        44
    18.1600        34
    18.1800        40
    18.2000        40
    18.2200        52
    18.2400        50
    18.2600        36
    18.2800        42
    18.3000        50
    18.3200        38
    18.3400        48
    18.3600        44
    18.3800        48
    18.4000        44
    18.4200        32
    18.4400        52
    18.4600        50
    18.4800        46
    18.5000        36
    18.5200        46
    18.5400        54
    18.5600        48
    18.5800        42
    18.6000        50
    18.6200        34
    18.6400        40
    18.6600        36
    18.6800        38
    18.7000        40
    18.7200        38
    18.7400        36
    18.7600        42
    18.7800        44
    18.8000        38
    18.8200        42
    18.8400        38
    18.8600        44
    18.8800        52
    18.9000        50
    18.9200        40
    18.9400        36
    18.9600        38
    18.9800        38
    19.0000        34
    19.0200        54
    19.0400        38
    19.0600        36
    19.0800        40
    19.1000        38
    19.1200        34
    19.1400        44
    19.1600        40
    19.1800        40
    19.2000        40
    19.2200        42
    19.2400        34
    19.2600        52
    19.2800        44
    19.3000        32
    19.3200        54
    19.3400        44
    19.3600        40
    19.3800        44
    19.4000        42
    19.4200        52
    19.4400        50
    19.4600        50
    19.4800        62
    19.5000        52
    19.5200        56
    19.5400        52
    19.5600        66
    19.5800        74
    19.6000        54
    19.6200        64
    19.6400        60
    19.6600        50
    19.6800        50
    19.7000        56
    19.7200        34
    19.7400        40
    19.7600        34
    19.7800        54
    19.8000        38
    19.8200        54
    19.8400        50
    19.8600        50
    19.8800        42
    19.9000        48
    19.9200        44
    19.9400        54
    19.9600        36
    19.9800        48
    20.0000        30
    20.0200        34
    20.0400        42
    20.0600        32
    20.0800        56
    20.1000        44
    20.1200        52
    20.1400        40
    20.1600        30
    20.1800        60
    20.2000        46
    20.2200        50
    20.2400        56
    20.2600        58
    20.2800        46
    20.3000        42
    20.3200        44
    20.3400        52
    20.3600        38
    20.3800        34
    20.4000        54
    20.4200        36
    20.4400        48
    20.4600        46
    20.4800        44
    20.5000        44
    20.5200        60
    20.5400        68
    20.5600        62
    20.5800        56
    20.6000        64
    20.6200        76
    20.6400        82
    20.6600        86
    20.6800       102
    20.7000       100
    20.7200       114
    20.7400       142
    20.7600       146
    20.7800       174
    20.8000       222
    20.8200       232
    20.8400       288
    20.8600       298
    20.8800       328
    20.9000       288
    20.9200       266
    20.9400       212
    20.9600       146
    20.9800       124
    21.0000       110
    21.0200       102
    21.0400        82
    21.0600        60
    21.0800        74
    21.1000        48
    21.1200        50
    21.1400        56
    21.1600        54
    21.1800        48
    21.2000        36
    21.2200        58
    21.2400        48
    21.2600        48
    21.2800        42
    21.3000        44
    21.3200        44
    21.3400        64
    21.3600        50
    21.3800        58
    21.4000        56
    21.4200        58
    21.4400        60
    21.4600        62
    21.4800        70
    21.5000        80
    21.5200        96
    21.5400       100
    21.5600       106
    21.5800       122
    21.6000       144
    21.6200       158
    21.6400       142
    21.6600       180
    21.6800       158
    21.7000        90
    21.7200        96
    21.7400        86
    21.7600        72
    21.7800        56
    21.8000        64
    21.8200        68
    21.8400        60
    21.8600        44
    21.8800        58
    21.9000        28
    21.9200        40
    21.9400        42
    21.9600        36
    21.9800        44
    22.0000        52
    22.0200        52
    22.0400        46
    22.0600        40
    22.0800        50
    22.1000        42
    22.1200        48
    22.1400        48
    22.1600        58
    22.1800        56
    22.2000        52
    22.2200        46
    22.2400        60
    22.2600        70
    22.2800        60
    22.3000        82
    22.3200        86
    22.3400        98
    22.3600        70
    22.3800       104
    22.4000       116
    22.4200       116
    22.4400       130
    22.4600       156
    22.4800       160
    22.5000       216
    22.5200       222
    22.5400       226
    22.5600       280
    22.5800       290
    22.6000       296
    22.6200       278
    22.6400       218
    22.6600       198
    22.6800       138
    22.7000       124
    22.7200        88
    22.7400        78
    22.7600        60
    22.7800        70
    22.8000        54
    22.8200        52
    22.8400        52
    22.8600        56
    22.8800        58
    22.9000        52
    22.9200        72
    22.9400        50
    22.9600        44
    22.9800        56
    23.0000        44
    23.0200        50
    23.0400        40
    23.0600        54
    23.0800        48
    23.1000        40
    23.1200        48
    23.1400        48
    23.1600        38
    23.1800        42
    23.2000        48
    23.2200        46
    23.2400        48
    23.2600        38
    23.2800        38
    23.3000        54
    23.3200        38
    23.3400        52
    23.3600        42
    23.3800        56
    23.4000        50
    23.4200        44
    23.4400        54
    23.4600        54
    23.4800        28
    23.5000        48
    23.5200        42
    23.5400        48
    23.5600        46
    23.5800        50
    23.6000        52
    23.6200        58
    23.6400        52
    23.6600        38
    23.6800        40
    23.7000        34
    23.7200        46
    23.7400        48
    23.7600        46
    23.7800        36
    23.8000        46
    23.8200        40
    23.8400        52
    23.8600        40
    23.8800        48
    23.9000        52
    23.9200        46
    23.9400        50
    23.9600        40
    23.9800        58
    24.0000        36
    24.0200        44
    24.0400        42
    24.0600        50
    24.0800        44
    24.1000        54
    24.1200        44
    24.1400        56
    24.1600        54
    24.1800        48
    24.2000        68
    24.2200        48
    24.2400        50
    24.2600        52
    24.2800        60
    24.3000        50
    24.3200        78
    24.3400        62
    24.3600        64
    24.3800        62
    24.4000        68
    24.4200        56
    24.4400        58
    24.4600        56
    24.4800        50
    24.5000        60
    24.5200        62
    24.5400        52
    24.5600        60
    24.5800        56
    24.6000        62
    24.6200        72
    24.6400        64
    24.6600        80
    24.6800        74
    24.7000        96
    24.7200        80
    24.7400        82
    24.7600        66
    24.7800        82
    24.8000        82
    24.8200        82
    24.8400       108
    24.8600        98
    24.8800       120
    24.9000       104
    24.9200       122
    24.9400       134
    24.9600       152
    24.9800       186
    25.0000       214
    25.0200       224
    25.0400       288
    25.0600       286
    25.0800       312
    25.1000       344
    25.1200       364
    25.1400       392
    25.1600       414
    25.1800       512
    25.2000       514
    25.2200       640
    25.2400       642
    25.2600       696
    25.2800       632
    25.3000       644
    25.3200       524
    25.3400       460
    25.3600       406
    25.3800       386
    25.4000       360
    25.4200       394
    25.4400       388
    25.4600       460
    25.4800       478
    25.5000       588
    25.5200       664
    25.5400       808
    25.5600       908
    25.5800      1016
    25.6000      1026
    25.6200      1002
    25.6400       874
    25.6600       786
    25.6800       626
    25.7000       618
    25.7200       468
    25.7400       474
    25.7600       468
    25.7800       454
    25.8000       520
    25.8200       530
    25.8400       550
    25.8600       534
    25.8800       536
    25.9000       508
    25.9200       488
    25.9400       464
    25.9600       404
    25.9800       394
    26.0000       360
    26.0200       378
    26.0400       338
    26.0600       360
    26.0800       362
    26.1000       374
    26.1200       372
    26.1400       416
    26.1600       498
    26.1800       540
    26.2000       610
    26.2200       680
    26.2400       672
    26.2600       658
    26.2800       674
    26.3000       668
    26.3200       676
    26.3400       746
    26.3600       738
    26.3800       824
    26.4000       752
    26.4200       686
    26.4400       568
    26.4600       516
    26.4800       386
    26.5000       334
    26.5200       262
    26.5400       224
    26.5600       184
    26.5800       186
    26.6000       156
    26.6200       170
    26.6400       146
    26.6600       174
    26.6800       170
    26.7000       178
    26.7200       172
    26.7400       192
    26.7600       180
    26.7800       202
    26.8000       248
    26.8200       268
    26.8400       296
    26.8600       312
    26.8800       422
    26.9000       474
    26.9200       592
    26.9400       702
    26.9600       950
    26.9800      1116
    27.0000      1330
    27.0200      1478
    27.0400      1540
    27.0600      1488
    27.0800      1332
    27.1000      1178
    27.1200       980
    27.1400       802
    27.1600       614
    27.1800       456
    27.2000       358
    27.2200       310
    27.2400       316
    27.2600       296
    27.2800       304
    27.3000       338
    27.3200       340
    27.3400       388
    27.3600       430
    27.3800       464
    27.4000       504
    27.4200       582
    27.4400       552
    27.4600       690
    27.4800       754
    27.5000       894
    27.5200       924
    27.5400       816
    27.5600       730
    27.5800       598
    27.6000       484
    27.6200       356
    27.6400       290
    27.6600       212
    27.6800       122
    27.7000       116
    27.7200       124
    27.7400       104
    27.7600        80
    27.7800        82
    27.8000        98
    27.8200        72
    27.8400        80
    27.8600        62
    27.8800        64
    27.9000        82
    27.9200        70
    27.9400        72
    27.9600        66
    27.9800        56
    28.0000        52
    28.0200        60
    28.0400        50
    28.0600        52
    28.0800        62
    28.1000        76
    28.1200        46
    28.1400        62
    28.1600        66
    28.1800        46
    28.2000        52
    28.2200        58
    28.2400        56
    28.2600        46
    28.2800        62
    28.3000        48
    28.3200        56
    28.3400        60
    28.3600        48
    28.3800        46
    28.4000        48
    28.4200        56
    28.4400        48
    28.4600        46
    28.4800        44
    28.5000        50
    28.5200        52
    28.5400        52
    28.5600        50
    28.5800        48
    28.6000        44
    28.6200        48
    28.6400        50
    28.6600        46
    28.6800        42
    28.7000        38
    28.7200        50
    28.7400        60
    28.7600        40
    28.7800        46
    28.8000        64
    28.8200        54
    28.8400        54
    28.8600        54
    28.8800        48
    28.9000        50
    28.9200        48
    28.9400        60
    28.9600        54
    28.9800        54
    29.0000        60
    29.0200        64
    29.0400        54
    29.0600        56
    29.0800        54
    29.1000        60
    29.1200        68
    29.1400        48
    29.1600        64
    29.1800        78
    29.2000        66
    29.2200        84
    29.2400       100
    29.2600       114
    29.2800       122
    29.3000       122
    29.3200       140
    29.3400       126
    29.3600       130
    29.3800       112
    29.4000        98
    29.4200        84
    29.4400        76
    29.4600        74
    29.4800        68
    29.5000        70
    29.5200        64
    29.5400        70
    29.5600        64
    29.5800        78
    29.6000        68
    29.6200        84
    29.6400        74
    29.6600        60
    29.6800        70
    29.7000        72
    29.7200        56
    29.7400        74
    29.7600        66
    29.7800        68
    29.8000        58
    29.8200        58
    29.8400        66
    29.8600        56
    29.8800        48
    29.9000        52
    29.9200        60
    29.9400        54
    29.9600        54
    29.9800        48
    30.0000        50
    30.0200        52
    30.0400        56
    30.0600        60
    30.0800        44
    30.1000        52
    30.1200        56
    30.1400        50
    30.1600        54
    30.1800        62
    30.2000        72
    30.2200        56
    30.2400        66
    30.2600        62
    30.2800        74
    30.3000        64
    30.3200        76
    30.3400        60
    30.3600        74
    30.3800        62
    30.4000        60
    30.4200        62
    30.4400        58
    30.4600        64
    30.4800        48
    30.5000        60
    30.5200        50
    30.5400        56
    30.5600        50
    30.5800        54
    30.6000        56
    30.6200        66
    30.6400        62
    30.6600        58
    30.6800        70
    30.7000        66
    30.7200        62
    30.7400        72
    30.7600        54
    30.7800        68
    30.8000        56
    30.8200        64
    30.8400        74
    30.8600        66
    30.8800        90
    30.9000        86
    30.9200        92
    30.9400       106
    30.9600       110
    30.9800       122
    31.0000       130
    31.0200       160
    31.0400       148
    31.0600       188
    31.0800       272
    31.1000       298
    31.1200       356
    31.1400       416
    31.1600       540
    31.1800       694
    31.2000       716
    31.2200       762
    31.2400       708
    31.2600       758
    31.2800       702
    31.3000       632
    31.3200       500
    31.3400       396
    31.3600       342
    31.3800       238
    31.4000       202
    31.4200       176
    31.4400       142
    31.4600       112
    31.4800       118
    31.5000        96
    31.5200       104
    31.5400        96
    31.5600        76
    31.5800        70
    31.6000        76
    31.6200        68
    31.6400        62
    31.6600        58
    31.6800        66
    31.7000        56
    31.7200        80
    31.7400        64
    31.7600        56
    31.7800        66
    31.8000        68
    31.8200        46
    31.8400        60
    31.8600        66
    31.8800        74
    31.9000        70
    31.9200        82
    31.9400       100
    31.9600        98
    31.9800       110
    32.0000       122
    32.0200       130
    32.0400       146
    32.0600       118
    32.0800       126
    32.1000       106
    32.1200       122
    32.1400       102
    32.1600       102
    32.1800       106
    32.2000       108
    32.2200        98
    32.2400        86
    32.2600        94
    32.2800        86
    32.3000        94
    32.3200        80
    32.3400       100
    32.3600        96
    32.3800        92
    32.4000        94
    32.4200       102
    32.4400       110
    32.4600       126
    32.4800       124
    32.5000       114
    32.5200       142
    32.5400       146
    32.5600       154
    32.5800       132
    32.6000       150
    32.6200       144
    32.6400       126
    32.6600        96
    32.6800        98
    32.7000        80
    32.7200        70
    32.7400        66
    32.7600        64
    32.7800        60
    32.8000        64
    32.8200        56
    32.8400        70
    32.8600        72
    32.8800        52
    32.9000        72
    32.9200        64
    32.9400        62
    32.9600        58
    32.9800        92
    33.0000        82
    33.0200        90
    33.0400        98
    33.0600        98
    33.0800       122
    33.1000       126
    33.1200       132
    33.1400       188
    33.1600       240
    33.1800       228
    33.2000       250
    33.2200       240
    33.2400       300
    33.2600       246
    33.2800       244
    33.3000       220
    33.3200       180
    33.3400       156
    33.3600       124
    33.3800       106
    33.4000        88
    33.4200        88
    33.4400        76
    33.4600        84
    33.4800        76
    33.5000        70
    33.5200        94
    33.5400        80
    33.5600        58
    33.5800        66
    33.6000        66
    33.6200        72
    33.6400        84
    33.6600        82
    33.6800        62
    33.7000        72
    33.7200        80
    33.7400        92
    33.7600        80
    33.7800        82
    33.8000        92
    33.8200       102
    33.8400        88
    33.8600       116
    33.8800       102
    33.9000       100
    33.9200       120
    33.9400       110
    33.9600       126
    33.9800       136
    34.0000       138
    34.0200       162
    34.0400       162
    34.0600       196
    34.0800       176
    34.1000       198
    34.1200       190
    34.1400       208
    34.1600       240
    34.1800       252
    34.2000       232
    34.2200       260
    34.2400       248
    34.2600       230
    34.2800       198
    34.3000       208
    34.3200       198
    34.3400       176
    34.3600       198
    34.3800       172
    34.4000       150
    34.4200       128
    34.4400       118
    34.4600       118
    34.4800        94
    34.5000       112
    34.5200       112
    34.5400       102
    34.5600       116
    34.5800       118
    34.6000       106
    34.6200       100
    34.6400        80
    34.6600        86
    34.6800        92
    34.7000        70
    34.7200        74
    34.7400        72
    34.7600        72
    34.7800        72
    34.8000        76
    34.8200        72
    34.8400        62
    34.8600        76
    34.8800        58
    34.9000        56
    34.9200        62
    34.9400        64
    34.9600        56
    34.9800        78
    35.0000        72
    35.0200        86
    35.0400        68
    35.0600        86
    35.0800       120
    35.1000       130
    35.1200       126
    35.1400       110
    35.1600       110
    35.1800        94
    35.2000        92
    35.2200        98
    35.2400        80
    35.2600        84
    35.2800        78
    35.3000        68
    35.3200        56
    35.3400        68
    35.3600        64
    35.3800        52
    35.4000        58
    35.4200        64
    35.4400        56
    35.4600        72
    35.4800        68
    35.5000        62
    35.5200        62
    35.5400        58
    35.5600        66
    35.5800        94
    35.6000        74
    35.6200        72
    35.6400        92
    35.6600        98
    35.6800        92
    35.7000       114
    35.7200       128
    35.7400       104
    35.7600        96
    35.7800        92
    35.8000       112
    35.8200        86
    35.8400        70
    35.8600        88
    35.8800       110
    35.9000       108
    35.9200       132
    35.9400       136
    35.9600       138
    35.9800       132
    36.0000       156
    36.0200       140
    36.0400       142
    36.0600       114
    36.0800       110
    36.1000        92
    36.1200       100
    36.1400        86
    36.1600        82
    36.1800        74
    36.2000        94
    36.2200        78
    36.2400        78
    36.2600        66
    36.2800        70
    36.3000       108
    36.3200        94
    36.3400        86
    36.3600        90
    36.3800       102
    36.4000       110
    36.4200       106
    36.4400        94
    36.4600       108
    36.4800       126
    36.5000       132
    36.5200       178
    36.5400       188
    36.5600       210
    36.5800       178
    36.6000       168
    36.6200       124
    36.6400       138
    36.6600       132
    36.6800       116
    36.7000        96
    36.7200        82
    36.7400        80
    36.7600        84
    36.7800        60
    36.8000        92
    36.8200        54
    36.8400        66
    36.8600        68
    36.8800        66
    36.9000        68
    36.9200        62
    36.9400        70
    36.9600        76
    36.9800        64
    37.0000        86
    37.0200        82
    37.0400        76
    37.0600       100
    37.0800        90
    37.1000       104
    37.1200       128
    37.1400       100
    37.1600       128
    37.1800       150
    37.2000       174
    37.2200       218
    37.2400       238
    37.2600       312
    37.2800       350
    37.3000       412
    37.3200       494
    37.3400       564
    37.3600       628
    37.3800       610
    37.4000       564
    37.4200       638
    37.4400       596
    37.4600       550
    37.4800       574
    37.5000       516
    37.5200       470
    37.5400       434
    37.5600       406
    37.5800       422
    37.6000       432
    37.6200       510
    37.6400       488
    37.6600       490
    37.6800       408
    37.7000       434
    37.7200       358
    37.7400       360
    37.7600       284
    37.7800       286
    37.8000       222
    37.8200       178
    37.8400       152
    37.8600       104
    37.8800       104
    37.9000        92
    37.9200        90
    37.9400        76
    37.9600        84
    37.9800        70
    38.0000        66
    38.0200        72
    38.0400        74
    38.0600        62
    38.0800        52
    38.1000        54
    38.1200        66
    38.1400        58
    38.1600        64
    38.1800        68
    38.2000        60
    38.2200        62
    38.2400        54
    38.2600        58
    38.2800        50
    38.3000        58
    38.3200        76
    38.3400        56
    38.3600        64
    38.3800        58
    38.4000        60
    38.4200        74
    38.4400        80
    38.4600        82
    38.4800        82
    38.5000        76
    38.5200        72
    38.5400        96
    38.5600        98
    38.5800        96
    38.6000       118
    38.6200        80
    38.6400       106
    38.6600       100
    38.6800       102
    38.7000       116
    38.7200       120
    38.7400        86
    38.7600       116
    38.7800        98
    38.8000       102
    38.8200        90
    38.8400        74
    38.8600        86
    38.8800        88
    38.9000        92
    38.9200        70
    38.9400        68
    38.9600        74
    38.9800        78
    39.0000        76
    39.0200        96
    39.0400       116
    39.0600       110
    39.0800       112
    39.1000       134
    39.1200       122
    39.1400       122
    39.1600       128
    39.1800       160
    39.2000       160
    39.2200       164
    39.2400       176
    39.2600       238
    39.2800       270
    39.3000       258
    39.3200       290
    39.3400       336
    39.3600       320
    39.3800       336
    39.4000       322
    39.4200       308
    39.4400       304
    39.4600       284
    39.4800       282
    39.5000       270
    39.5200       268
    39.5400       260
    39.5600       242
    39.5800       250
    39.6000       228
    39.6200       200
    39.6400       192
    39.6600       188
    39.6800       178
    39.7000       170
    39.7200       128
    39.7400       146
    39.7600       126
    39.7800       112
    39.8000       108
    39.8200       120
    39.8400       110
    39.8600       108
    39.8800        96
    39.9000        86
    39.9200        92
    39.9400        92
    39.9600        86
    39.9800        78
    40.0000        78
    40.0200        98
    40.0400       102
    40.0600        92
    40.0800        80
    40.1000        96
    40.1200        74
    40.1400        78
    40.1600        74
    40.1800        90
    40.2000        72
    40.2200        88
    40.2400        54
    40.2600        80
    40.2800        98
    40.3000        96
    40.3200        90
    40.3400       118
    40.3600       134
    40.3800       138
    40.4000       156
    40.4200       218
    40.4400       228
    40.4600       236
    40.4800       238
    40.5000       242
    40.5200       220
    40.5400       200
    40.5600       166
    40.5800       164
    40.6000       164
    40.6200       146
    40.6400       128
    40.6600       126
    40.6800       116
    40.7000        98
    40.7200       108
    40.7400       104
    40.7600       106
    40.7800        90
    40.8000       102
    40.8200        98
    40.8400       100
    40.8600       126
    40.8800       154
    40.9000       158
    40.9200       224
    40.9400       288
    40.9600       310
    40.9800       376
    41.0000       422
    41.0200       456
    41.0400       442
    41.0600       376
    41.0800       306
    41.1000       310
    41.1200       284
    41.1400       248
    41.1600       212
    41.1800       186
    41.2000       152
    41.2200       152
    41.2400       116
    41.2600       108
    41.2800       104
    41.3000        92
    41.3200       102
    41.3400       104
    41.3600       108
    41.3800        74
    41.4000       106
    41.4200       110
    41.4400       118
    41.4600       116
    41.4800       130
    41.5000       108
    41.5200       116
    41.5400       114
    41.5600       122
    41.5800       114
    41.6000       126
    41.6200        98
    41.6400       130
    41.6600        92
    41.6800        86
    41.7000        96
    41.7200        76
    41.7400       100
    41.7600        78
    41.7800        80
    41.8000        70
    41.8200        68
    41.8400        78
    41.8600        64
    41.8800        66
    41.9000        56
    41.9200        68
    41.9400        78
    41.9600        82
    41.9800        96
    42.0000       114
    42.0200       128
    42.0400       166
    42.0600       172
    42.0800       160
    42.1000       190
    42.1200       164
    42.1400       192
    42.1600       140
    42.1800       134
    42.2000       134
    42.2200       106
    42.2400       112
    42.2600       100
    42.2800        72
    42.3000        74
    42.3200        72
    42.3400        62
    42.3600        76
    42.3800        60
    42.4000        44
    42.4200        72
    42.4400        62
    42.4600        64
    42.4800        52
    42.5000        58
    42.5200        48
    42.5400        58
    42.5600        60
    42.5800        56
    42.6000        60
    42.6200        48
    42.6400        54
    42.6600        44
    42.6800        64
    42.7000        64
    42.7200        70
    42.7400        72
    42.7600        54
    42.7800        68
    42.8000        78
    42.8200        86
    42.8400        76
    42.8600        72
    42.8800        88
    42.9000        66
    42.9200        60
    42.9400        60
    42.9600        50
    42.9800        58
    43.0000        66
    43.0200        48
    43.0400        54
    43.0600        62
    43.0800        38
    43.1000        46
    43.1200        46
    43.1400        54
    43.1600        60
    43.1800        54
    43.2000        50
    43.2200        58
    43.2400        54
    43.2600        52
    43.2800        44
    43.3000        46
    43.3200        54
    43.3400        58
    43.3600        62
    43.3800        44
    43.4000        46
    43.4200        52
    43.4400        58
    43.4600        62
    43.4800        64
    43.5000        64
    43.5200        70
    43.5400        70
    43.5600        98
    43.5800        84
    43.6000        98
    43.6200        92
    43.6400        84
    43.6600        50
    43.6800        68
    43.7000        78
    43.7200        92
    43.7400        70
    43.7600        66
    43.7800        80
    43.8000        60
    43.8200        68
    43.8400        92
    43.8600        60
    43.8800        76
    43.9000        86
    43.9200        84
    43.9400        98
    43.9600       132
    43.9800       132
    44.0000       122
    44.0200       146
    44.0400       160
    44.0600       156
    44.0800       156
    44.1000       160
    44.1200       174
    44.1400       180
    44.1600       204
    44.1800       150
    44.2000       152
    44.2200       166
    44.2400       146
    44.2600       138
    44.2800       146
    44.3000       166
    44.3200       166
    44.3400       172
    44.3600       152
    44.3800       160
    44.4000       144
    44.4200       166
    44.4400       154
    44.4600       130
    44.4800       100
    44.5000       114
    44.5200       108
    44.5400       104
    44.5600        78
    44.5800        70
    44.6000        68
    44.6200        54
    44.6400        58
    44.6600        64
    44.6800        76
    44.7000        64
    44.7200        56
    44.7400        62
    44.7600        64
    44.7800        64
    44.8000        66
    44.8200        64
    44.8400        56
    44.8600        62
    44.8800        76
    44.9000        74
    44.9200        70
    44.9400        94
    44.9600        72
    44.9800        76
    45.0000        86
    45.0200        76
    45.0400        86
    45.0600        88
    45.0800        86
    45.1000        90
    45.1200        90
    45.1400       108
    45.1600        96
    45.1800        86
    45.2000        84
    45.2200        82
    45.2400        70
    45.2600        82
    45.2800        86
    45.3000        70
    45.3200        56
    45.3400        70
    45.3600        64
    45.3800        62
    45.4000        62
    45.4200        72
    45.4400        80
    45.4600        68
    45.4800        58
    45.5000        80
    45.5200        62
    45.5400        48
    45.5600        78
    45.5800        58
    45.6000        72
    45.6200        78
    45.6400        76
    45.6600        90
    45.6800       102
    45.7000       110
    45.7200       118
    45.7400       102
    45.7600       112
    45.7800       106
    45.8000        98
    45.8200        86
    45.8400        90
    45.8600        80
    45.8800        96
    45.9000        86
    45.9200        76
    45.9400        76
    45.9600        84
    45.9800        66
    46.0000        72
    46.0200        76
    46.0400        92
    46.0600        94
    46.0800       100
    46.1000        92
    46.1200       122
    46.1400       126
    46.1600       140
    46.1800       158
    46.2000       192
    46.2200       208
    46.2400       226
    46.2600       250
    46.2800       288
    46.3000       280
    46.3200       316
    46.3400       328
    46.3600       330
    46.3800       302
    46.4000       298
    46.4200       234
    46.4400       186
    46.4600       194
    46.4800       160
    46.5000       148
    46.5200       132
    46.5400       122
    46.5600       106
    46.5800        96
    46.6000        68
    46.6200        66
    46.6400        74
    46.6600        72
    46.6800        60
    46.7000        64
    46.7200        64
    46.7400        64
    46.7600        66
    46.7800        54
    46.8000        42
    46.8200        74
    46.8400        70
    46.8600        74
    46.8800        86
    46.9000       102
    46.9200       104
    46.9400       136
    46.9600       134
    46.9800       140
    47.0000       140
    47.0200       122
    47.0400       108
    47.0600       122
    47.0800       106
    47.1000        92
    47.1200       108
    47.1400        92
    47.1600        84
    47.1800        76
    47.2000        66
    47.2200        54
    47.2400        64
    47.2600        58
    47.2800        58
    47.3000        52
    47.3200        44
    47.3400        48
    47.3600        58
    47.3800        46
    47.4000        66
    47.4200        54
    47.4400        64
    47.4600        62
    47.4800        58
    47.5000        56
    47.5200        52
    47.5400        54
    47.5600        72
    47.5800        74
    47.6000        74
    47.6200        70
    47.6400        84
    47.6600        88
    47.6800       100
    47.7000       102
    47.7200        90
    47.7400        84
    47.7600        98
    47.7800        94
    47.8000       102
    47.8200        96
    47.8400       104
    47.8600        94
    47.8800        88
    47.9000       106
    47.9200        98
    47.9400       102
    47.9600       104
    47.9800       106
    48.0000       104
    48.0200        98
    48.0400       104
    48.0600        76
    48.0800       100
    48.1000        96
    48.1200        76
    48.1400        98
    48.1600        88
    48.1800        84
    48.2000        72
    48.2200        88
    48.2400        90
    48.2600        88
    48.2800        76
    48.3000        94
    48.3200        76
    48.3400        90
    48.3600        90
    48.3800       102
    48.4000       120
    48.4200       126
    48.4400       130
    48.4600       116
    48.4800       146
    48.5000       148
    48.5200       108
    48.5400       124
    48.5600       134
    48.5800       142
    48.6000       140
    48.6200       170
    48.6400       182
    48.6600       230
    48.6800       262
    48.7000       272
    48.7200       310
    48.7400       272
    48.7600       262
    48.7800       244
    48.8000       220
    48.8200       206
    48.8400       182
    48.8600       176
    48.8800       156
    48.9000       134
    48.9200       128
    48.9400        92
    48.9600        94
    48.9800        56
    49.0000        70
    49.0200        68
    49.0400        54
    49.0600        56
    49.0800        54
    49.1000        56
    49.1200        62
    49.1400        60
    49.1600        48
    49.1800        50
    49.2000        52
    49.2200        46
    49.2400        60
    49.2600        40
    49.2800        56
    49.3000        60
    49.3200        60
    49.3400        46
    49.3600        68
    49.3800        64
    49.4000        66
    49.4200        86
    49.4400        74
    49.4600       104
    49.4800       118
    49.5000       116
    49.5200       134
    49.5400       124
    49.5600       116
    49.5800       120
    49.6000       108
    49.6200        88
    49.6400        84
    49.6600        88
    49.6800       100
    49.7000        88
    49.7200        96
    49.7400        58
    49.7600        52
    49.7800        66
    49.8000        76
    49.8200        80
    49.8400        66
    49.8600        66
    49.8800        70
    49.9000        62
    49.9200        74
    49.9400        64
    49.9600        74
    49.9800        60
    50.0000        64
    50.0200        78
    50.0400        66
    50.0600        80
    50.0800        78
    50.1000        92
    50.1200        76
    50.1400        88
    50.1600        96
    50.1800        60
    50.2000        76
    50.2200        88
    50.2400        74
    50.2600        68
    50.2800        78
    50.3000        70
    50.3200        76
    50.3400        94
    50.3600        78
    50.3800       112
    50.4000       110
    50.4200       106
    50.4400       118
    50.4600        96
    50.4800       112
    50.5000        92
    50.5200       110
    50.5400       116
    50.5600       122
    50.5800       116
    50.6000       124
    50.6200       132
    50.6400       118
    50.6600        94
    50.6800        94
    50.7000        90
    50.7200        90
    50.7400        76
    50.7600        78
    50.7800        66
    50.8000        78
    50.8200        58
    50.8400        56
    50.8600        52
    50.8800        52
    50.9000        52
    50.9200        48
    50.9400        58
    50.9600        44
    50.9800        42
    51.0000        42
    51.0200        44
    51.0400        38
    51.0600        48
    51.0800        46
    51.1000        46
    51.1200        50
    51.1400        54
    51.1600        44
    51.1800        48
    51.2000        60
    51.2200        46
    51.2400        48
    51.2600        30
    51.2800        52
    51.3000        56
    51.3200        56
    51.3400        52
    51.3600        62
    51.3800        48
    51.4000        54
    51.4200        48
    51.4400        60
    51.4600        58
    51.4800        52
    51.5000        48
    51.5200        56
    51.5400        56
    51.5600        58
    51.5800        58
    51.6000        62
    51.6200        76
    51.6400        72
    51.6600        86
    51.6800        72
    51.7000        86
    51.7200        88
    51.7400       112
    51.7600       130
    51.7800       116
    51.8000       150
    51.8200       128
    51.8400       132
    51.8600       132
    51.8800       106
    51.9000       100
    51.9200        88
    51.9400        96
    51.9600       118
    51.9800        82
    52.0000        98
    52.0200        70
    52.0400        82
    52.0600        74
    52.0800        74
    52.1000        64
    52.1200        80
    52.1400        74
    52.1600        78
    52.1800        72
    52.2000        86
    52.2200        82
    52.2400        66
    52.2600        66
    52.2800       104
    52.3000       106
    52.3200        98
    52.3400        86
    52.3600       104
    52.3800        84
    52.4000       108
    52.4200        92
    52.4400       104
    52.4600       104
    52.4800        96
    52.5000        92
    52.5200       102
    52.5400        82
    52.5600        96
    52.5800       100
    52.6000        98
    52.6200       108
    52.6400       114
    52.6600       128
    52.6800       116
    52.7000       110
    52.7200       114
    52.7400       114
    52.7600        86
    52.7800       108
    52.8000       110
    52.8200       106
    52.8400       116
    52.8600       144
    52.8800       136
    52.9000       136
    52.9200       136
    52.9400       100
    52.9600       104
    52.9800       116
    53.0000       126
    53.0200       118
    53.0400       152
    53.0600       148
    53.0800       144
    53.1000       192
    53.1200       192
    53.1400       242
    53.1600       218
    53.1800       264
    53.2000       230
    53.2200       240
    53.2400       184
    53.2600       200
    53.2800       210
    53.3000       192
    53.3200       150
    53.3400       204
    53.3600       148
    53.3800       164
    53.4000       148
    53.4200       140
    53.4400       122
    53.4600       122
    53.4800       120
    53.5000       116
    53.5200       110
    53.5400       100
    53.5600        92
    53.5800       116
    53.6000        94
    53.6200        98
    53.6400        92
    53.6600        92
    53.6800        94
    53.7000        78
    53.7200        88
    53.7400        90
    53.7600        66
    53.7800        72
    53.8000        70
    53.8200        82
    53.8400        96
    53.8600        82
    53.8800        86
    53.9000        96
    53.9200       122
    53.9400       128
    53.9600       154
    53.9800       148
    54.0000       164
    54.0200       180
    54.0400       176
    54.0600       152
    54.0800       132
    54.1000       134
    54.1200       124
    54.1400       132
    54.1600        92
    54.1800       124
    54.2000       110
    54.2200       100
    54.2400        88
    54.2600        88
    54.2800        78
    54.3000        74
    54.3200        56
    54.3400        70
    54.3600        66
    54.3800        60
    54.4000        66
    54.4200        54
    54.4400        58
    54.4600        40
    54.4800        50
    54.5000        50
    54.5200        44
    54.5400        44
    54.5600        56
    54.5800        42
    54.6000        48
    54.6200        58
    54.6400        46
    54.6600        50
    54.6800        42
    54.7000        52
    54.7200        44
    54.7400        48
    54.7600        50
    54.7800        40
    54.8000        60
    54.8200        50
    54.8400        50
    54.8600        38
    54.8800        42
    54.9000        52
    54.9200        56
    54.9400        56
    54.9600        52
    54.9800        46
    55.0000        40
    55.0200        46
    55.0400        42
    55.0600        44
    55.0800        48
    55.1000        52
    55.1200        52
    55.1400        44
    55.1600        44
    55.1800        46
    55.2000        50
    55.2200        48
    55.2400        48
    55.2600        62
    55.2800        58
    55.3000        72
    55.3200        72
    55.3400        70
    55.3600        94
    55.3800        88
    55.4000       100
    55.4200        98
    55.4400       114
    55.4600        80
    55.4800        78
    55.5000        84
    55.5200        82
    55.5400        88
    55.5600        96
    55.5800        78
    55.6000        92
    55.6200       100
    55.6400       106
    55.6600       116
    55.6800       142
    55.7000       128
    55.7200       138
    55.7400       144
    55.7600       148
    55.7800       136
    55.8000       122
    55.8200       114
    55.8400       122
    55.8600       130
    55.8800       102
    55.9000        96
    55.9200        92
    55.9400        76
    55.9600        62
    55.9800        92
    56.0000        72
    56.0200        66
    56.0400        68
    56.0600        54
    56.0800        64
    56.1000        72
    56.1200        72
    56.1400        78
    56.1600        72
    56.1800        74
    56.2000        90
    56.2200        94
    56.2400        96
    56.2600        94
    56.2800       100
    56.3000        94
    56.3200        94
    56.3400        86
    56.3600        90
    56.3800        82
    56.4000       114
    56.4200        96
    56.4400        68
    56.4600        96
    56.4800        74
    56.5000        90
    56.5200        70
    56.5400        88
    56.5600        80
    56.5800        94
    56.6000        82
    56.6200        94
    56.6400        74
    56.6600        60
    56.6800        86
    56.7000        82
    56.7200        74
    56.7400        82
    56.7600        96
    56.7800       104
    56.8000        94
    56.8200       120
    56.8400       126
    56.8600       116
    56.8800       136
    56.9000       138
    56.9200       106
    56.9400       116
    56.9600       110
    56.9800       116
    57.0000       110
    57.0200       110
    57.0400        98
    57.0600        96
    57.0800        86
    57.1000        92
    57.1200        70
    57.1400        80
    57.1600        64
    57.1800        64
    57.2000        64
    57.2200        66
    57.2400        48
    57.2600        66
    57.2800        62
    57.3000        56
    57.3200        52
    57.3400        62
    57.3600        52
    57.3800        58
    57.4000        60
    57.4200        42
    57.4400        62
    57.4600        46
    57.4800        72
    57.5000        58
    57.5200        72
    57.5400        72
    57.5600        82
    57.5800        90
    57.6000        72
    57.6200        84
    57.6400        86
    57.6600        76
    57.6800        72
    57.7000        74
    57.7200        76
    57.7400        58
    57.7600        64
    57.7800        68
    57.8000        58
    57.8200        66
    57.8400        62
    57.8600        68
    57.8800        46
    57.9000        54
    57.9200        56
    57.9400        48
    57.9600        52
    57.9800        64
    58.0000        66
    58.0200        56
    58.0400        58
    58.0600        58
    58.0800        70
    58.1000        54
    58.1200        78
    58.1400        74
    58.1600        70
    58.1800        70
    58.2000        68
    58.2200        68
    58.2400        62
    58.2600        70
    58.2800        60
    58.3000        76
    58.3200        62
    58.3400        56
    58.3600        60
    58.3800        82
    58.4000        70
    58.4200        66
    58.4400        88
    58.4600        82
    58.4800        58
    58.5000        70
    58.5200        70
    58.5400        70
    58.5600        58
    58.5800        56
    58.6000        58
    58.6200        54
    58.6400        54
    58.6600        58
    58.6800        52
    58.7000        44
    58.7200        54
    58.7400        52
    58.7600        58
    58.7800        50
    58.8000        46
    58.8200        54
    58.8400        46
    58.8600        50
    58.8800        60
    58.9000        62
    58.9200        56
    58.9400        64
    58.9600        44
    58.9800        60
    59.0000        70
    59.0200        62
    59.0400        74
    59.0600        88
    59.0800       100
    59.1000        96
    59.1200        94
    59.1400       102
    59.1600        98
    59.1800        80
    59.2000        88
    59.2200       100
    59.2400        84
    59.2600        92
    59.2800       110
    59.3000        86
    59.3200        94
    59.3400        98
    59.3600       114
    59.3800       110
    59.4000       114
    59.4200       106
    59.4400       112
    59.4600        94
    59.4800        92
    59.5000        92
    59.5200        94
    59.5400        78
    59.5600        90
    59.5800        82
    59.6000        86
    59.6200        76
    59.6400        66
    59.6600        70
    59.6800        80
    59.7000        96
    59.7200        86
    59.7400       110
    59.7600        92
    59.7800        68
    59.8000        98
    59.8200        90
    59.8400        88
    59.8600        94
    59.8800        88
    59.9000        92
    59.9200        82
    59.9400        84
    59.9600        70
    59.9800        74
    60.0000        74
    60.0200        76
    60.0400        72
    60.0600        82
    60.0800        84
    60.1000        88
    60.1200        90
    60.1400        78
    60.1600        72
    60.1800        72
    60.2000        84
    60.2200       106
    60.2400        94
    60.2600        92
    60.2800       108
    60.3000       102
    60.3200       138
    60.3400       142
    60.3600       160
    60.3800       144
    60.4000       144
    60.4200       164
    60.4400       150
    60.4600       112
    60.4800       124
    60.5000       148
    60.5200       134
    60.5400       142
    60.5600       136
    60.5800       112
    60.6000       146
    60.6200       136
    60.6400       120
    60.6600       110
    60.6800       102
    60.7000        94
    60.7200       126
    60.7400        94
    60.7600        90
    60.7800        94
    60.8000        70
    60.8200        92
    60.8400        72
    60.8600        68
    60.8800        70
    60.9000        78
    60.9200        60
    60.9400        76
    60.9600        64
    60.9800        84
    61.0000        74
    61.0200        78
    61.0400        88
    61.0600        80
    61.0800        86
    61.1000        76
    61.1200        76
    61.1400        74
    61.1600        90
    61.1800        80
    61.2000        98
    61.2200        86
    61.2400        82
    61.2600       112
    61.2800       104
    61.3000       102
    61.3200       138
    61.3400       148
    61.3600       134
    61.3800       138
    61.4000       130
    61.4200       142
    61.4400       102
    61.4600       114
    61.4800        94
    61.5000       122
    61.5200        98
    61.5400       132
    61.5600       106
    61.5800        98
    61.6000        96
    61.6200        94
    61.6400        94
    61.6600        96
    61.6800        78
    61.7000        72
    61.7200        78
    61.7400        64
    61.7600        72
    61.7800        62
    61.8000        56
    61.8200        54
    61.8400        72
    61.8600        44
    61.8800        50
    61.9000        54
    61.9200        38
    61.9400        42
    61.9600        62
    61.9800        42
    62.0000        52
    62.0200        50
    62.0400        60
    62.0600        66
    62.0800        48
    62.1000        60
    62.1200        60
    62.1400        56
    62.1600        68
    62.1800        46
    62.2000        68
    62.2200        72
    62.2400        76
    62.2600        76
    62.2800        64
    62.3000        64
    62.3200        82
    62.3400        80
    62.3600        74
    62.3800        82
    62.4000        82
    62.4200        72
    62.4400        60
    62.4600        58
    62.4800        76
    62.5000        54
    62.5200        56
    62.5400        62
    62.5600        60
    62.5800        66
    62.6000        62
    62.6200        58
    62.6400        52
    62.6600        52
    62.6800        38
    62.7000        48
    62.7200        70
    62.7400        64
    62.7600        56
    62.7800        64
    62.8000        48
    62.8200        38
    62.8400        46
    62.8600        54
    62.8800        46
    62.9000        52
    62.9200        52
    62.9400        40
    62.9600        58
    62.9800        60
    63.0000        64
    63.0200        60
    63.0400        60
    63.0600        58
    63.0800        54
    63.1000        54
    63.1200        68
    63.1400        62
    63.1600        52
    63.1800        74
    63.2000        64
    63.2200        66
    63.2400        68
    63.2600        82
    63.2800        84
    63.3000        94
    63.3200       102
    63.3400        72
    63.3600        70
    63.3800        72
    63.4000        66
    63.4200        86
    63.4400        92
    63.4600        76
    63.4800        84
    63.5000        76
    63.5200        94
    63.5400       102
    63.5600       118
    63.5800        90
    63.6000       120
    63.6200       102
    63.6400       140
    63.6600       102
    63.6800       104
    63.7000       106
    63.7200        98
    63.7400       114
    63.7600       102
    63.7800        84
    63.8000        92
    63.8200       106
    63.8400       104
    63.8600       106
    63.8800        74
    63.9000        88
    63.9200        90
    63.9400        70
    63.9600        72
    63.9800        92
    64.0000        76
    64.0200        84
    64.0400        94
    64.0600        78
    64.0800        84
    64.1000        72
    64.1200        92
    64.1400        84
    64.1600        84
    64.1800        78
    64.2000        88
    64.2200        80
    64.2400        84
    64.2600        82
    64.2800        90
    64.3000       100
    64.3200       110
    64.3400       104
    64.3600       118
    64.3800       142
    64.4000       132
    64.4200       106
    64.4400       110
    64.4600        88
    64.4800        86
    64.5000       110
    64.5200        96
    64.5400       104
    64.5600       110
    64.5800       110
    64.6000        70
    64.6200        68
    64.6400        82
    64.6600        70
    64.6800        64
    64.7000        80
    64.7200        66
    64.7400        72
    64.7600        74
    64.7800        94
    64.8000        86
    64.8200        88
    64.8400        70
    64.8600        82
    64.8800        80
    64.9000        80
    64.9200        78
    64.9400        74
    64.9600        68
    64.9800        70
    65.0000        70
    65.0200        68
    65.0400        52
    65.0600        58
    65.0800        48
    65.1000        72
    65.1200        60
    65.1400        48
    65.1600        60
    65.1800        58
    65.2000        58
    65.2200        52
    65.2400        50
    65.2600        56
    65.2800        54
    65.3000        44
    65.3200        58
    65.3400        54
    65.3600        42
    65.3800        54
    65.4000        54
    65.4200        46
    65.4400        46
    65.4600        58
    65.4800        54
    65.5000        52
    65.5200        58
    65.5400        52
    65.5600        62
    65.5800        68
    65.6000        52
    65.6200        54
    65.6400        44
    65.6600        62
    65.6800        52
    65.7000        52
    65.7200        48
    65.7400        60
    65.7600        50
    65.7800        50
    65.8000        66
    65.8200        54
    65.8400        54
    65.8600        46
    65.8800        52
    65.9000        50
    65.9200        54
    65.9400        58
    65.9600        60
    65.9800        60
    66.0000        54
    66.0200        58
    66.0400        78
    66.0600        74
    66.0800        72
    66.1000        74
    66.1200        76
    66.1400        80
    66.1600        78
    66.1800        84
    66.2000        76
    66.2200        68
    66.2400        78
    66.2600        80
    66.2800        68
    66.3000       102
    66.3200        64
    66.3400       100
    66.3600       118
    66.3800        92
    66.4000        94
    66.4200        88
    66.4400        88
    66.4600        74
    66.4800        98
    66.5000        90
    66.5200        92
    66.5400        82
    66.5600        72
    66.5800       102
    66.6000        90
    66.6200        88
    66.6400        78
    66.6600        84
    66.6800        82
    66.7000       112
    66.7200        94
    66.7400       126
    66.7600       120
    66.7800       156
    66.8000       166
    66.8200       144
    66.8400       172
    66.8600       166
    66.8800       140
    66.9000       152
    66.9200       158
    66.9400       140
    66.9600       114
    66.9800       158
    67.0000       130
    67.0200       182
    67.0400       158
    67.0600       142
    67.0800       146
    67.1000       144
    67.1200       122
    67.1400       126
    67.1600       110
    67.1800        90
    67.2000       108
    67.2200       106
    67.2400       106
    67.2600        92
    67.2800        84
    67.3000        94
    67.3200        86
    67.3400        84
    67.3600       110
    67.3800        90
    67.4000       100
    67.4200        80
    67.4400       100
    67.4600        96
    67.4800        94
    67.5000        80
    67.5200        92
    67.5400       102
    67.5600       102
    67.5800       114
    67.6000       130
    67.6200       122
    67.6400       124
    67.6600       136
    67.6800        94
    67.7000        92
    67.7200       104
    67.7400       108
    67.7600       100
    67.7800       108
    67.8000        94
    67.8200       102
    67.8400       118
    67.8600        98
    67.8800       102
    67.9000       112
    67.9200       126
    67.9400       114
    67.9600       130
    67.9800       142
    68.0000       148
    68.0200       146
    68.0400       106
    68.0600       112
    68.0800       122
    68.1000       106
    68.1200        94
    68.1400       118
    68.1600       112
    68.1800       110
    68.2000        80
    68.2200        94
    68.2400       106
    68.2600       104
    68.2800       106
    68.3000        70
    68.3200        62
    68.3400        84
    68.3600        92
    68.3800        84
    68.4000        80
    68.4200        70
    68.4400        72
    68.4600        64
    68.4800        76
    68.5000        60
    68.5200        68
    68.5400        58
    68.5600        66
    68.5800        72
    68.6000        62
    68.6200        56
    68.6400        80
    68.6600        66
    68.6800        62
    68.7000        64
    68.7200        62
    68.7400        56
    68.7600        74
    68.7800        58
    68.8000        68
    68.8200        64
    68.8400        64
    68.8600        54
    68.8800        72
    68.9000        66
    68.9200        66
    68.9400        52
    68.9600        78
    68.9800        72
    69.0000        68
    69.0200        72
    69.0400        56
    69.0600        76
    69.0800        70
    69.1000        66
    69.1200        54
    69.1400        62
    69.1600        52
    69.1800        66
    69.2000        72
    69.2200        72
    69.2400        54
    69.2600        62
    69.2800        72
    69.3000        60
    69.3200        62
    69.3400        60
    69.3600        64
    69.3800        52
    69.4000        66
    69.4200        70
    69.4400        70
    69.4600        66
    69.4800        60
    69.5000        62
    69.5200        76
    69.5400        62
    69.5600        68
    69.5800        78
    69.6000        72
    69.6200        80
    69.6400        64
    69.6600        48
    69.6800        58
    69.7000        52
    69.7200        66
    69.7400        78
    69.7600        66
    69.7800        72
    69.8000        86
    69.8200        84
    69.8400        78
    69.8600        80
    69.8800        82
    69.9000        82
    69.9200       102
    69.9400        96
    69.9600        96
    69.9800        86
    70.0000        70
    70.0200        72
    70.0400        98
    70.0600        86
    70.0800        52
    70.1000        74
    70.1200        74
    70.1400        78
    70.1600        80
    70.1800        54
    70.2000        84
    70.2200        60
    70.2400        58
    70.2600        52
    70.2800        60
    70.3000        60
    70.3200        56
    70.3400        64
    70.3600        62
    70.3800        72
    70.4000        60
    70.4200        56
    70.4400        54
    70.4600        74
    70.4800        56
    70.5000        70
    70.5200        58
    70.5400        68
    70.5600        58
    70.5800        58
    70.6000        70
    70.6200        66
    70.6400        74
    70.6600        66
    70.6800        82
    70.7000        70
    70.7200        72
    70.7400        68
    70.7600        66
    70.7800        70
    70.8000        60
    70.8200        90
    70.8400        66
    70.8600        52
    70.8800        84
    70.9000        74
    70.9200        66
    70.9400        62
    70.9600        58
    70.9800        72
    71.0000        70
    71.0200        62
    71.0400        78
    71.0600        70
    71.0800        72
    71.1000        80
    71.1200        66
    71.1400        62
    71.1600        62
    71.1800        54
    71.2000        66
    71.2200        52
    71.2400        70
    71.2600        70
    71.2800        78
    71.3000        62
    71.3200        70
    71.3400        76
    71.3600        84
    71.3800        92
    71.4000        82
    71.4200        94
    71.4400       100
    71.4600        92
    71.4800        82
    71.5000        98
    71.5200       104
    71.5400        96
    71.5600        94
    71.5800       102
    71.6000       104
    71.6200       106
    71.6400       102
    71.6600       106
    71.6800       104
    71.7000        86
    71.7200       108
    71.7400        74
    71.7600        72
    71.7800        84
    71.8000        78
    71.8200        90
    71.8400        70
    71.8600        88
    71.8800        96
    71.9000        76
    71.9200        64
    71.9400        74
    71.9600        70
    71.9800        54
    72.0000        46
    72.0200        60
    72.0400        66
    72.0600        34
    72.0800        56
    72.1000        58
    72.1200        58
    72.1400        58
    72.1600        56
    72.1800        62
    72.2000        56
    72.2200        60
    72.2400        48
    72.2600        50
    72.2800        46
    72.3000        60
    72.3200        64
    72.3400        56
    72.3600        50
    72.3800        42
    72.4000        42
    72.4200        52
    72.4400        60
    72.4600        52
    72.4800        50
    72.5000        42
    72.5200        58
    72.5400        54
    72.5600        46
    72.5800        66
    72.6000        54
    72.6200        66
    72.6400        82
    72.6600        76
    72.6800        84
    72.7000        80
    72.7200        82
    72.7400        72
    72.7600        58
    72.7800        72
    72.8000        72
    72.8200        60
    72.8400        52
    72.8600        62
    72.8800        64
    72.9000        68
    72.9200        84
    72.9400        44
    72.9600        60
    72.9800        52
    73.0000        64
    73.0200        60
    73.0400        56
    73.0600        52
    73.0800        52
    73.1000        46
    73.1200        54
    73.1400        52
    73.1600        56
    73.1800        64
    73.2000        50
    73.2200        68
    73.2400        60
    73.2600        50
    73.2800        60
    73.3000        64
    73.3200        64
    73.3400        50
    73.3600        54
    73.3800        64
    73.4000        66
    73.4200        62
    73.4400        54
    73.4600        70
    73.4800        68
    73.5000        62
    73.5200        74
    73.5400        68
    73.5600        62
    73.5800        68
    73.6000        70
    73.6200        58
    73.6400        52
    73.6600        46
    73.6800        44
    73.7000        54
    73.7200        44
    73.7400        46
    73.7600        46
    73.7800        62
    73.8000        48
    73.8200        54
    73.8400        48
    73.8600        36
    73.8800        34
    73.9000        42
    73.9200        52
    73.9400        38
    73.9600        46
    73.9800        40
    74.0000        36
    74.0200        40
    74.0400        48
    74.0600        50
    74.0800        36
    74.1000        40
    74.1200        38
    74.1400        38
    74.1600        52
    74.1800        52
    74.2000        46
    74.2200        38
    74.2400        46
    74.2600        68
    74.2800        62
    74.3000        60
    74.3200        42
    74.3400        58
    74.3600        58
    74.3800        54
    74.4000        54
    74.4200        46
    74.4400        54
    74.4600        46
    74.4800        50
    74.5000        44
    74.5200        68
    74.5400        52
    74.5600        36
    74.5800        52
    74.6000        56
    74.6200        56
    74.6400        58
    74.6600        48
    74.6800        42
    74.7000        30
    74.7200        54
    74.7400        50
    74.7600        40
    74.7800        42
    74.8000        42
    74.8200        52
    74.8400        44
    74.8600        72
    74.8800        66
    74.9000        42
    74.9200        56
    74.9400        64
    74.9600        42
    74.9800        48
    75.0000        58
    75.0200        56
    75.0400        58
    75.0600        70
    75.0800        78
    75.1000        80
    75.1200        78
    75.1400        84
    75.1600       100
    75.1800        92
    75.2000        82
    75.2200       104
    75.2400       100
    75.2600        94
    75.2800        94
    75.3000        82
    75.3200        78
    75.3400        86
    75.3600        80
    75.3800        80
    75.4000        68
    75.4200        74
    75.4400        96
    75.4600        74
    75.4800        72
    75.5000        68
    75.5200        58
    75.5400        74
    75.5600        56
    75.5800        62
    75.6000        50
    75.6200        52
    75.6400        70
    75.6600        48
    75.6800        56
    75.7000        60
    75.7200        68
    75.7400        66
    75.7600        66
    75.7800        68
    75.8000        80
    75.8200        74
    75.8400        74
    75.8600        66
    75.8800        88
    75.9000        72
    75.9200        74
    75.9400        62
    75.9600        64
    75.9800        86
    76.0000        50
    76.0200        54
    76.0400        54
    76.0600        68
    76.0800        56
    76.1000        58
    76.1200        56
    76.1400        60
    76.1600        56
    76.1800        76
    76.2000        70
    76.2200        66
    76.2400        58
    76.2600        52
    76.2800        62
    76.3000        66
    76.3200        66
    76.3400       104
    76.3600        64
    76.3800       104
    76.4000        82
    76.4200       100
    76.4400        82
    76.4600        80
    76.4800        80
    76.5000        72
    76.5200        72
    76.5400        82
    76.5600        90
    76.5800        76
    76.6000        72
    76.6200        60
    76.6400        96
    76.6600        72
    76.6800        68
    76.7000        76
    76.7200        62
    76.7400        74
    76.7600        72
    76.7800        68
    76.8000        64
    76.8200        58
    76.8400        56
    76.8600        50
    76.8800        50
    76.9000        50
    76.9200        66
    76.9400        58
    76.9600        58
    76.9800        64
    77.0000        62
    77.0200        76
    77.0400        74
    77.0600        76
    77.0800        68
    77.1000        60
    77.1200        66
    77.1400        68
    77.1600        78
    77.1800        80
    77.2000        62
    77.2200        70
    77.2400        68
    77.2600        70
    77.2800        70
    77.3000        68
    77.3200        82
    77.3400        62
    77.3600        78
    77.3800        54
    77.4000        56
    77.4200        56
    77.4400        56
    77.4600        68
    77.4800        62
    77.5000        40
    77.5200        52
    77.5400        62
    77.5600        54
    77.5800        50
    77.6000        64
    77.6200        52
    77.6400        54
    77.6600        54
    77.6800        50
    77.7000        50
    77.7200        46
    77.7400        46
    77.7600        40
    77.7800        52
    77.8000        54
    77.8200        40
    77.8400        62
    77.8600        46
    77.8800        54
    77.9000        54
    77.9200        48
    77.9400        44
    77.9600        60
    77.9800        54
    78.0000        56
    78.0200        70
    78.0400        86
    78.0600        74
    78.0800        98
    78.1000        94
    78.1200        88
    78.1400        86
    78.1600       106
    78.1800        96
    78.2000       102
    78.2200        78
    78.2400        70
    78.2600        92
    78.2800        92
    78.3000        74
    78.3200        78
    78.3400        68
    78.3600        68
    78.3800        82
    78.4000        64
    78.4200        78
    78.4400        48
    78.4600        58
    78.4800        54
    78.5000        56
    78.5200        46
    78.5400        46
    78.5600        50
    78.5800        36
    78.6000        62
    78.6200        42
    78.6400        42
    78.6600        50
    78.6800        54
    78.7000        48
    78.7200        42
    78.7400        38
    78.7600        38
    78.7800        34
    78.8000        42
    78.8200        38
    78.8400        44
    78.8600        28
    78.8800        32
    78.9000        28
    78.9200        38
    78.9400        38
    78.9600        40
    78.9800        46
    79.0000        44
    79.0200        44
    79.0400        36
    79.0600        40
    79.0800        46
    79.1000        40
    79.1200        52
    79.1400        54
    79.1600        26
    79.1800        50
    79.2000        40
    79.2200        34
    79.2400        42
    79.2600        40
    79.2800        44
    79.3000        30
    79.3200        40
    79.3400        48
    79.3600        34
    79.3800        42
    79.4000        46
    79.4200        42
    79.4400        48
    79.4600        50
    79.4800        40
    79.5000        42
    79.5200        56
    79.5400        56
    79.5600        52
    79.5800        42
    79.6000        48
    79.6200        60
    79.6400        54
    79.6600        50
    79.6800        42
    79.7000        56
    79.7200        60
    79.7400        64
    79.7600        62
    79.7800        70
    79.8000        60
    79.8200        54
    79.8400        62
    79.8600        68
    79.8800        46
    79.9000        54
    79.9200        58
    79.9400        56
    79.9600        58
    79.9800        46
    80.0000        58
